Gene	cuffdiff_ctrl_FPKM	cuffdiff_exp_FPKM	cuffdiff_log2	cuffdiff_test_stat	cuffdiff_p_value	cuffdiff_q_value	edger_logFC	edger_logCPM	edger_PValue	edger_FDR	deseq2_baseMean	deseq2_log2FoldChange	deseq2_lfcSE	deseq2_pvalue	deseq2_padj	bayseq_library_807	bayseq_library_808	bayseq_library_810	bayseq_library_811	bayseq_library_712	bayseq_library_713	bayseq_library_718	bayseq_library_720	bayseq_likelihood	bayseq_FDR	

ITGA8	2.65099	1.27359	-1.05763	-1.37836	0.0059	0.190208	1.55329162404092	1.68030103552775	0.000142871362213045	0.00860376186343981	1.15588722389745	113.861232909257	0.357556834199675	0.00122610365283313	0.12029869601957	115	64	23	88	34	121	316	179	0.102656443957173	0.663735671117772	
PTPN14	1.80347	0.892918	-1.01417	-1.36696	0.0059	0.190208	0.936287292626057	3.40400859453614	0.0169635278109002	0.304914406300818	0.781650246445564	355.336297932597	0.318771472866901	0.0142036679896041	0.308777450766824	419	339	175	286	98	463	785	386	0.143815254438289	0.60085405825037	
LRRC23	1.51464	3.38929	1.16201	1.18191	0.02085	0.39699	-0.915113057682249	1.61034772019414	0.0224757529383081	0.360130929641964	-0.779256234711681	91.0712690831716	0.256705156685658	0.0024005121171502	0.157748145477162	114	217	127	145	5	97	114	109	0.0770751971615019	0.716357921046581	
VPS13B	3.61512	1.9992	-0.854623	-1.26934	0.01025	0.262369	0.868968487903817	4.87471567287069	0.0259068977615048	0.389755290387974	0.755361430334015	955.167917297191	0.299045495805473	0.0115399674826817	0.289263047767045	1032	1045	513	816	249	1231	1968	1201	0.272521131142418	0.448392665295832	
ADRA2B	0.710578	0.0780579	-3.18638	-1.80819	0.0011	0.0585131	1.13152405042737	-2.56273211258767	0.00941962542350444	0.206359472640025	0.725877074565732	12.4092488843346	0.368156666280064	0.0486492699805355	0.466705529148401	4	6	2	2	9	3	5	3	0.087523536425917	0.696673413471972	
SYT7	7.7557	14.4325	0.895991	1.23755	0.01345	0.31393	-0.841236228897709	4.04279522033185	0.0300664298067266	0.423632617726237	-0.683091592952012	507.258084130378	0.305307808798274	0.0252610851382279	0.371769903256696	938	741	457	1231	24	1028	580	381	0.0412515184251644	0.804009592824644	
ZBTB7C	3.30585	1.75846	-0.910707	-1.1561	0.02005	0.389157	1.0641920530542	1.39952244130586	0.00823473758834073	0.189501405552982	0.783875854326544	92.9166542177821	0.364553506254147	0.0315365993372084	0.40378985591046	53	68	34	138	26	127	251	82	0.0146166679862792	0.902593947678675	
PCSK6	8.72775	3.59282	-1.28049	-1.43267	0.0055	0.183211	0.999801356277105	2.95654471559371	0.0111257311055026	0.231619468463969	0.807211511554588	269.59549337484	0.338264030432604	0.0170172121167919	0.328824416424366	315	235	138	191	85	357	471	297	0.113866463392205	0.644804341921345	
OSR1	7.8177	3.09514	-1.33674	-1.70831	0.00215	0.0963087	1.27805243300224	1.91788058985674	0.00174751492668763	0.0623606845540414	0.775297349453931	115.575090133043	0.389091239891218	0.0463069143464784	0.458600033223403	192	55	10	114	13	188	464	213	0.0226198280006827	0.868207312419034	
LOC768251	0.583964	1.97089	1.7549	1.71861	0.0094	0.245409	-1.50903718200041	-0.0440300764637531	0.000199574652130095	0.0110221047515787	-1.06581008791235	25.9517200470964	0.368340311400642	0.00380916997820711	0.190757169526113	29	95	20	73	0	27	29	18	0.131747927243986	0.613852073999878	
LOC417263	3.08464	7.91951	1.36031	1.19665	0.01815	0.368675	-1.26137925854216	1.97995149102787	0.00192012285687133	0.0664499660110113	-1.14042481736438	117.917500919407	0.197540284056301	7.78145184669454e-09	2.34225267176527e-05	263	267	141	188	6	115	116	117	0.729856277454544	0.110851944915746	
LOC101749860	0.750803	1.35072	0.847223	1.06832	0.03855	0.545181	-0.782003095285601	2.38343543449432	0.0397776299609982	0.499032583115292	-0.652470193473562	155.355672518262	0.231755198872078	0.00487253182352811	0.213518971011597	271	312	195	231	5	189	226	215	0.158263538790169	0.58133402774759	
DCN	91.7613	39.8714	-1.20253	-1.28216	0.0091	0.241654	1.18748218607799	5.86602581162705	0.00251732963024581	0.0811867368495919	0.92976306047039	1822.99018423888	0.331779478271294	0.00507314040545825	0.214983006838994	2622	1283	553	1428	158	3121	6926	3922	0.0897809605237089	0.690451928194334	
FLRT2	1.72608	1.01944	-0.759724	-1.02942	0.0407	0.554268	0.892497959343433	2.82435646890245	0.0234779316882103	0.36633566714901	0.77318873394034	236.746316379735	0.28213178555827	0.00613414312690169	0.22869406783306	205	216	121	283	57	346	521	312	0.157395857219314	0.583555616434971	
FAT1	10.8211	6.56477	-0.721027	-0.972902	0.0453	0.577351	0.830793808027378	6.0973835929747	0.0329445985520137	0.448782414390067	0.756964208856839	2195.0326216663	0.262986836124953	0.00399780382650282	0.192629555963359	1792	2207	1451	2382	496	3089	4573	3260	0.187878578833482	0.533421884108815	
FAT4	0.998456	0.471794	-1.08154	-1.40403	0.0061	0.191223	0.959862792906705	2.94805864987266	0.0146687059052383	0.275499664044576	0.791450882480303	265.845508553711	0.326570201538706	0.01537071667334	0.312928082361622	261	280	134	216	80	355	512	279	0.213825787680091	0.510454044936669	
AKR7A2	37.7923	81.1082	1.10176	2.00714	0.00065	0.0402338	-1.15950380575007	5.52379995304066	0.0030771600111198	0.094468481178728	-1.04971147335169	1432.20207416898	0.204678535110216	2.9192650558495e-07	0.000420812057800705	2471	3398	1947	2173	70	1582	1502	1543	0.583094824077623	0.207601175764985	
LOC101750749	11.4166	51.4157	2.17108	14.9688	0.01655	0.352583	-1.57032929654657	-1.022528451119	0.000526373262325706	0.0238242573381304	-1.11481671622083	12.9131296014552	0.36206850549376	0.00207681686902985	0.153924270344597	25	31	26	18	0	16	8	10	0.221865518952016	0.499622760729967	
TRABD2B	0.922196	0.344383	-1.42106	-1.49291	0.0058	0.189133	1.44270072313075	1.7915366765172	0.000365922533996306	0.0182687039338015	0.977713354590437	123.484372850306	0.380514809786303	0.0101860417002765	0.280201160534043	101	80	15	142	38	140	354	144	0.0250964607682872	0.856930476981542	
LOC101751626	7.3318	2.82096	-1.37798	-1.81553	0.00785	0.222334	1.01401677081285	0.907875309069916	0.0120282978143841	0.244943025321976	0.756388115689204	69.8282881642052	0.370289237134684	0.0410826019957062	0.440251930887991	66	63	24	66	23	86	172	44	0.0440099310630124	0.79566848890657	
LOC101748621	0.530763	0.154906	-1.77667	-1.46843	0.00875	0.236268	1.12453127401415	-0.61393776700333	0.00690174452187496	0.167552571977142	0.806668362880739	30.0140281549524	0.394171115107596	0.04070790667866	0.43864696670933	16	17	11	27	14	36	22	32	0.0528642447062549	0.772059068638219	
DOCK5	1.90223	1.0024	-0.92424	-1.27969	0.01045	0.264309	0.788978958528356	3.36536575353859	0.0441973276642666	0.527251612281385	0.678925999898368	335.792372082593	0.294406061544168	0.021105769916468	0.354654034157347	309	398	162	388	70	369	909	470	0.0615683254921808	0.751696079549044	
SCNN1B	0.438462	0.906436	1.04775	0.919313	0.04295	0.56762	-1.36655035878313	0.405188136236887	0.00290155925224807	0.0905643340255116	-1.20274516041882	38.9581731627857	0.265278753230703	5.79067042483853e-06	0.00500835085044285	70	103	40	76	3	42	34	25	0.580858932659414	0.209737110571534	
ANKRD52	6.3627	2.19586	-1.53486	-1.38054	0.0069	0.208248	1.47826653518693	3.57325671580936	0.000206498315193799	0.0113165323478185	1.24565673087279	401.135788457971	0.3048894876321	4.39629113997023e-05	0.0168993431420456	386	322	127	241	118	735	802	576	0.719459068501215	0.12027775341371	
RASL11A	4.03946	9.95323	1.301	1.88543	0.0028	0.114296	-1.45054603668414	1.96026548709336	0.000639143543258741	0.0277500245523215	-1.2268256181095	118.475720823619	0.283306081723359	1.48845975791572e-05	0.00887840582497455	213	328	177	149	9	137	85	68	0.443977131137879	0.309491952014669	
ITGB8	113.292	61.632	-0.878288	-1.03195	0.0479	0.595149	0.791234034657191	8.58150724725954	0.0418909479331967	0.507824856909892	0.720039559634093	12183.8453274318	0.270809672387397	0.00784102157212821	0.257355790358022	13272	13232	9552	7720	2460	16997	21660	24142	0.00591012480231851	0.941728382767265	
LOC101747328	1.285	4.26439	1.73057	1.70852	0.0007	0.0422532	-1.46609379932668	1.71770328301616	0.000286293300573733	0.0148858550771484	-1.05553157800111	96.8643682974655	0.363125577861322	0.00365152528665657	0.190224507828194	102	183	137	303	3	93	153	32	0.0739982368231926	0.72211318232872	
C15H12orf52	2.16545	4.11119	0.924887	1.16867	0.04945	0.605132	-0.912784039885516	1.4785651481021	0.0222616898481771	0.358711038687407	-0.750980650183462	82.3880023597563	0.287657185840629	0.00903625984299834	0.273558115257798	150	159	105	137	4	157	66	75	0.159321879648216	0.579407369501915	
ANTXR1	9.88938	3.73532	-1.40465	-1.94645	0.00025	0.019793	1.43480891306313	4.37358840069502	0.000295499693844791	0.0152160929308774	1.12451940884847	669.33148355913	0.335856424042347	0.00081333981486053	0.0925602112990622	803	369	174	533	147	877	2339	992	0.145291160090952	0.598810673180954	
SS2	44.7595	22.857	-0.969559	-1.21774	0.01385	0.319451	0.869794115524267	2.62142826948403	0.0283787727646655	0.409103718118568	0.720961458900167	202.000217810867	0.320087350209018	0.0242976544393678	0.370665260844611	273	181	114	145	41	577	191	323	0.0427786916075171	0.800033343757044	
COL6A1	5.52655	2.25284	-1.29464	-1.87119	0.00045	0.0302763	1.18728935512671	3.45666313973169	0.0027436416669795	0.0872969448607	1.00622879510738	354.196124482695	0.299204300340855	0.000770959458688359	0.0925602112990622	477	270	117	258	68	519	1057	615	0.246964935358305	0.476114200234649	
COL6A2	7.6468	3.63645	-1.07233	-1.50551	0.0027	0.112646	1.03726414375223	3.84742088423306	0.00837243995866031	0.19171178844116	0.88795623010811	468.013681235079	0.297040589803179	0.00279578018148834	0.171939698985629	606	386	160	434	102	656	1198	736	0.166802925914206	0.570174572777197	
CYP26B1	2.21302	1.08635	-1.02654	-1.17379	0.01975	0.387309	0.789437021743701	1.72179271871217	0.0444579712242319	0.529176454806352	0.653569026144761	118.529492007271	0.326699621686783	0.04544417584069	0.456319053337149	131	109	66	107	36	167	168	141	0.0305220225035906	0.837304596334042	
SYNPO	3.29662	1.8029	-0.870669	-1.13047	0.0254	0.439836	0.777188238332343	2.79112259395118	0.0475087857720729	0.552532621434288	0.662237520121617	233.010098758927	0.307034713860505	0.0310148921607912	0.401268215854426	305	234	141	166	59	297	489	286	0.0402792674914244	0.807632450886247	
LOC101748755	7.31387	14.87	1.0237	1.65901	0.0341	0.513673	-0.915352180109264	1.70700606699759	0.0141508819237521	0.270717838639271	-0.725782008448647	94.3035138508717	0.323560830396397	0.0248898267513789	0.371745041991735	184	164	113	186	1	199	103	78	0.256653788964303	0.468006004177529	
MIR1653	5.6213	1.36941	-2.03735	-2.4845	0.0012	0.0622756	2.78271097783984	-3.23920713088494	0.00118995551997917	0.0454019285763934	0.844581383779254	3.43131649245208	0.364609578746379	0.0205364753295913	0.353074828749486	1	1	0	0	2	3	8	2	0.382677419719017	0.351436563621039	
LOC417962	2.01412	0.652695	-1.62567	-1.13781	0.015	0.335079	1.0767023009233	-0.327310837694717	0.0152913595345452	0.281990659651759	0.843439951595823	25.0468656959526	0.330599784998156	0.0107339862363988	0.285656144488042	15	38	8	21	5	49	63	39	0.0743574187454122	0.721423963831556	
EMP1	4.0093	2.00294	-1.00123	-1.29937	0.02075	0.396416	1.00368854965996	2.00622886667277	0.014213422351173	0.270779032781328	0.859567894763616	125.978270780021	0.293949534688165	0.00345340271006983	0.185278691042038	83	97	111	112	16	195	299	330	0.057094811272449	0.76282791668889	
MYOF	2.60336	0.98206	-1.40649	-1.75613	0.00085	0.0495503	1.19572863154449	3.09333755513744	0.00277160144529198	0.087811752140001	0.914155293015239	266.549070518704	0.341236143241974	0.00738529510958263	0.250403985512	318	215	49	293	33	475	991	452	0.0839299512898168	0.701686746108421	
IL1RL1	1.16323	0.514727	-1.17625	-1.03587	0.0383	0.544448	1.06492465288306	0.51126953568544	0.0122222819775856	0.246270895272372	0.885160330697719	44.1615431028506	0.302058743871601	0.00338499285138599	0.184135352075583	40	56	13	42	7	87	135	65	0.0642950497857452	0.74639836512311	
LOC100859076	4.84235	1.45478	-1.7349	-2.37967	0.0181	0.368675	1.2370548291538	-0.988735070991131	0.00852873300588032	0.193626762746919	0.876233177810981	17.3457370413242	0.367427601350523	0.0170894409969653	0.328824416424366	4	15	10	16	5	27	32	31	0.0730311672380514	0.724563470426482	
LOC101751023	40.6579	66.7379	0.714972	1.53668	0.0289	0.472561	-0.767055412027799	4.13997396292799	0.0494324815273827	0.570081653688668	-0.675282848288463	546.173544424101	0.222461525254019	0.00240134043462518	0.157748145477162	1115	917	643	798	37	959	600	508	0.173360948105216	0.559797845529	
LOC424918	6.9111	11.5823	0.74493	1.02461	0.04205	0.564047	-0.88235109497074	3.1812110711691	0.0289463504610437	0.412761404099351	-0.771354381082441	283.075593547407	0.251498206133337	0.00216191872155589	0.155820291856141	510	467	440	360	28	384	257	250	0.312040674953456	0.408824846834993	
LOC101750988	2.83014	0	-inf	-nan	5e-05	0.00552662	2.34879465471658	-3.20690092348567	0.00135528142799375	0.0503343022333984	0.7648564004109	5.68921380702943	0.355419741807115	0.031398879871723	0.402435930718786	1	1	1	0	4	2	2	6	0.138397950044236	0.607162301795511	
OLFML1	3.29484	1.41507	-1.21934	-1.5412	0.00405	0.146992	1.11675476253959	2.22899395544525	0.00578610206761558	0.150608209862551	0.860685768244548	147.401247767668	0.34160258798428	0.0117504004782406	0.289263047767045	152	206	49	89	21	141	516	328	0.0250552017500218	0.857202518486556	
MKRN3	1.38943	0.277244	-2.32526	-1.93975	0.00355	0.13369	1.29389201732922	-1.49716188258592	0.00333926766137986	0.100688130134789	0.836744042387062	18.1093109286681	0.397636911848906	0.0353530120063814	0.417032999721146	11	7	4	11	10	18	22	7	0.106868465423951	0.65637505190453	
MCAM	10.3057	5.14889	-1.00111	-1.3639	0.0066	0.20206	0.801012011825235	3.15459775223103	0.0417068151182887	0.507824856909892	0.654098150370221	289.810096246245	0.324973327492701	0.0441383176870974	0.450802469771845	181	378	96	448	57	675	431	444	0.0656438508597557	0.743545556600051	
FAM163A	1.13041	2.37827	1.07306	1.19908	0.0177	0.363876	-1.20862514482091	1.74892633141477	0.00451204721274249	0.126729673888332	-0.862335164512188	103.258532543196	0.351954544031086	0.0142803769576517	0.308777450766824	304	73	175	135	9	118	87	76	0.149657277291068	0.592230863688302	
C5AR1	0.752661	0.272704	-1.46467	-1.4076	0.00985	0.254426	1.06902218109602	0.0703828958070168	0.0103235060836466	0.219418247947337	0.805520144839308	40.4985414464482	0.363480987651251	0.0266827840920066	0.376782693243699	29	35	28	19	14	51	82	39	0.0349348282082993	0.823497702699898	
FHL5	3.76754	2.06861	-0.864962	-1.03166	0.03925	0.54793	0.871134099109387	2.42487489016385	0.032546883748002	0.446770423528593	0.721975568161343	162.587559678909	0.311556300753289	0.0204863203693186	0.352609323132809	220	205	68	123	12	253	465	427	0.0278409593300145	0.84631263668037	
TNXB	0.527928	0.0566685	-3.21972	-1.62309	0.0113	0.279171	2.00135033308573	-1.21005705265443	3.19121697321927e-05	0.00252065483806845	1.18154703017877	24.018528409922	0.398221091332859	0.00300659433668821	0.175702935256867	10	10	5	6	14	26	25	15	0.506334865245054	0.251901810572437	
EFCAB7	3.74757	7.2295	0.94794	1.03953	0.04165	0.562454	-0.875769062439198	3.21298283384982	0.0249790939786891	0.382821226051542	-0.726840526516941	283.528283013213	0.278217079955797	0.00898841996845546	0.273558115257798	610	433	387	402	15	343	249	435	0.129901676820249	0.618462477300878	
CNTF	2.38211	0.459603	-2.37378	-1.44903	0.01465	0.331481	1.06971196661573	0.0714447752574698	0.00777693608801905	0.181723428659464	0.77655535838678	46.5589682048215	0.392391535221738	0.0478124168296329	0.463079051690364	31	49	16	29	21	43	69	29	0.0490092470214601	0.782416118928965	
CSF2RA	2.89633	1.48407	-0.964671	-1.18414	0.01965	0.386238	0.893023252798632	2.4588354218237	0.0269125978808364	0.398429164743684	0.758874471042902	169.697546821466	0.29823644909218	0.0109421886887581	0.286784818088089	131	281	85	130	18	251	518	372	0.0340008091778597	0.825899865406722	
CALCRL	14.045	6.43186	-1.12675	-1.23224	0.0342	0.514724	1.02724021917615	3.05751411263991	0.00922953517426545	0.202840444170094	0.905486492071179	279.541561033168	0.2700750189788	0.000800210013411631	0.0925602112990622	272	266	150	222	72	558	470	368	0.675004455822888	0.140138147458645	
FNDC1	6.65181	3.77213	-0.818368	-1.25767	0.0114	0.280826	0.849204347224174	4.29441422165061	0.0303235073058854	0.425066502604667	0.777707907340482	624.215566939504	0.245243066628441	0.0015182530035577	0.140442462329097	501	887	312	605	100	890	1667	1146	0.129945125412928	0.618195064074651	
LOC100858433	0.919218	0.24778	-1.89134	-1.6602	0.01185	0.288158	2.01227462657791	-1.09440301503487	0.00018724256640275	0.0105598863242694	1.3067722418134	12.2430774554606	0.378627499274186	0.000557810336424963	0.0778145419312823	4	6	6	10	1	56	24	28	0.301639448662916	0.416482663940284	
LOC101751390	0.524762	0.236762	-1.14823	-1.11725	0.0352	0.522384	0.862258494911688	0.240521186592885	0.034059254016509	0.455943976496052	0.678129235387394	41.9378745469117	0.340025386556763	0.0461139452547881	0.457384762051218	48	45	11	39	12	58	83	52	0.0179239693378761	0.888128887189893	
CAV1	6.78624	2.64963	-1.35682	-1.30507	0.00925	0.242609	1.30533016215999	0.420736642930077	0.00208355973244974	0.0709541954893985	1.0804309747246	46.2731370952534	0.287722697368923	0.000173263930331772	0.0447331263713282	40	35	16	38	12	71	105	82	0.440106713000092	0.311956936615791	
MET	0.978669	0.305528	-1.67952	-1.54785	0.0042	0.151147	1.49690221977218	0.901698239669782	0.00033340849617764	0.0168426595296562	0.974941396960472	62.9748100798632	0.384208415498438	0.0111636955663963	0.289056372599189	54	26	6	83	15	90	203	98	0.083323549838566	0.702482127938625	
CYBB	3.33918	1.80454	-0.887862	-1.09006	0.0294	0.476163	1.07128847450095	1.47116251606643	0.00978577184336711	0.212005166826118	0.982319276404886	87.7403057977107	0.242050295002724	4.94255027000787e-05	0.0185320135641672	57	81	59	83	13	194	164	206	0.32237452047293	0.401722391587293	
LOC769478	0.261311	0.871836	1.73829	1.49269	0.0186	0.374685	-1.35375897125965	0.344285212618075	0.00381390419295999	0.111836051699479	-1.0012092095661	37.4400191021471	0.342935166326032	0.0035056062328617	0.186584543433974	73	118	40	46	3	30	19	45	0.063684524036609	0.748078085255137	
LOC101749222	0.39195	1.02414	1.38567	1.31646	0.01095	0.271707	-1.07028261356507	1.31304322869561	0.00897873850565084	0.200064035435511	-0.884730023026181	73.2137859307792	0.292800333781753	0.00251429709498794	0.16289255112023	105	230	84	101	4	90	98	53	0.104395215412524	0.661664444821327	
PEAK1	8.32361	4.83045	-0.785052	-1.11222	0.0274	0.45951	1.3583038756703	3.7545651389134	0.0006101732913371	0.0267098033361895	1.06697194480834	453.535159254469	0.340190590868942	0.00171038881570699	0.150598446625519	473	348	159	307	137	576	1234	469	0.298454616019891	0.420233641016844	
HPGDS	30.1603	69.0109	1.19417	1.70461	0.0011	0.0585131	-1.26728726364813	4.56451584316141	0.00116265854105225	0.0448294564885352	-0.950314231372511	726.895353826517	0.344498091927775	0.00580589280406733	0.2256861432017	1229	1826	1316	689	19	529	1153	741	0.0373851914658016	0.815921781234217	
MMP2	39.0216	18.9074	-1.04532	-1.68163	0.0016	0.0782621	0.999714926629183	5.82067841469664	0.0107052790802713	0.225747635666554	0.900598898626711	1773.44451576736	0.255357601863883	0.000420591287652138	0.0699556547481412	2161	1580	1009	1258	174	3125	5036	4336	0.239050443653999	0.48301206331874	
FSTL3	0.497698	1.09639	1.13943	1.14092	0.0484	0.599174	-1.12774802719918	0.188677965070655	0.0120491993995916	0.244943025321976	-0.908923290592493	32.5820771700105	0.313513950234668	0.00374178420503332	0.190475841092983	81	67	27	62	2	45	40	17	0.0809438263663807	0.707468310750327	
LOC101751989	0.298734	0.97549	1.70727	1.58293	0.00905	0.241078	-1.47223530631571	-0.0992428729853163	0.00131635310839857	0.0493169138967821	-1.12093510586244	25.9826828799173	0.338798471474635	0.000937770538053701	0.100133054118845	58	57	21	69	1	13	27	28	0.145495634342356	0.598222449475364	
FGF19	0.992115	3.78785	1.9328	2.15996	0.00055	0.0349332	-1.7495256178467	1.86714627556945	5.92258242464649e-06	0.00056617763286374	-1.26234885037977	105.712753767775	0.36525110891629	0.000548026947579425	0.0778145419312823	240	245	215	121	0	73	153	56	0.186507318192268	0.535454297125212	
TLCD2	61.5347	111.127	0.852735	1.19813	0.0168	0.354801	-0.967915902709886	6.42300491779252	0.0135719827241936	0.263984970542299	-0.752149385580079	2702.44508880244	0.311685181911375	0.015814433783426	0.315886923309126	3935	6451	4544	2432	298	3056	2004	2460	0.0477122470555313	0.785175491472547	
BF1	61.3817	29.0428	-1.07963	-1.5567	0.0025	0.106388	0.897817576243072	5.43420004963009	0.0214749569225341	0.353789128032906	0.775020968156806	1386.49455848956	0.295420271345583	0.00870436517598288	0.268393184047167	1354	1204	864	1395	304	1746	4041	1560	0.222970960774898	0.498235556331072	
LOC428421	0.816587	0.388299	-1.07244	-1.17798	0.02775	0.462645	0.838638026814893	1.49015425915639	0.0364884763112827	0.477508494784483	0.722099597382947	94.40600557623	0.263602130043345	0.00615600157412275	0.22869406783306	92	113	63	61	21	139	192	154	0.0600641142938767	0.755318122113086	
TRPM3	4.60166	1.33712	-1.78302	-1.91272	0.0014	0.071564	2.17387922373735	4.68284635381706	8.00049627128168e-08	1.24492393803783e-05	1.28726262144325	853.900644876252	0.392119463073394	0.00102769612683993	0.105815997631412	770	205	68	581	291	930	3000	948	0.0321925050448657	0.8323315641121	
FAM19A3	2.83996	5.7438	1.01614	1.10375	0.02115	0.39913	-0.912502145446525	1.84304357713926	0.0190582350228314	0.32923446940844	-0.730328571051776	105.707145870342	0.315870519965888	0.020771415861816	0.353910051951574	254	124	86	266	4	156	150	92	0.0437322582920479	0.796672381230096	
LOC422171	1.09085	0.5347	-1.02865	-1.1147	0.02705	0.456791	0.978481328548626	1.52100704668309	0.0158713970800158	0.290675638274723	0.786377378064901	92.86249281752	0.326840128997471	0.0161282609728649	0.319572346287075	129	74	24	99	17	124	233	189	0.0313968889440155	0.835132028616068	
CELSR1	2.30991	1.22266	-0.917813	-1.25104	0.01245	0.296812	0.867923056092739	3.44235793925128	0.0264382310159353	0.393392411312378	0.732842651420785	366.623626279147	0.314662854887991	0.0198602674132501	0.349293751001916	304	386	210	379	104	487	663	433	0.21504632164043	0.508690378745513	
CCDC169	16.8525	9.33578	-0.852115	-1.2494	0.01055	0.266442	0.788915440927867	5.37971480636037	0.0435480748399796	0.521549359235216	0.671435229191158	1316.55242688519	0.302479673885513	0.026434401530887	0.376038057303687	843	1350	1473	835	175	2327	2727	2990	0.0296523941186215	0.840283102459198	
ACAN	4.87639	1.94052	-1.32937	-1.80567	0.00055	0.0349332	1.18108108709746	3.75707247908467	0.00275259727496587	0.0874513691620306	0.98331777862577	455.782796411764	0.316261093286185	0.00187597120212936	0.153924270344597	381	344	232	411	138	642	893	574	0.75662697109433	0.101549434785724	
PIAS1	10.9382	6.74034	-0.698489	-1.05604	0.03435	0.515159	0.846773244966096	3.4466552158783	0.0312462845148478	0.432818904020485	0.76741497438086	351.981922156989	0.248345545847274	0.00200082596561161	0.153924270344597	454	362	146	338	67	594	847	518	0.173923531654499	0.557651367514139	
LOC771782	9.24973	17.1848	0.893648	1.2441	0.0119	0.28855	-0.909420701508368	3.47124124596339	0.0227990768226233	0.36170628201145	-0.804742494023163	344.667138014294	0.237019401268988	0.000685634543874256	0.0891737318792246	636	795	456	367	31	416	351	334	0.499703812602003	0.258891265447071	
TTC32	15.9155	33.876	1.08983	1.36813	0.00605	0.191223	-1.02594263983867	2.95409268637675	0.0090019164594674	0.200107252432665	-0.898687984758935	235.528286483207	0.222453895522421	5.34775915724821e-05	0.0189713241710457	476	457	338	314	12	323	272	216	0.547959071682619	0.227758949079717	
CASR	2.00097	0.719056	-1.47653	-1.73688	0.0017	0.0824427	1.37315000172685	2.18632784326244	0.000675404108651804	0.0289147167662001	0.919809007629466	147.137455307746	0.378202306542145	0.0150134057524698	0.311425184826378	223	83	18	114	28	212	571	198	0.0362528293605718	0.819322180325746	
ANXA1	16.9397	8.01502	-1.07963	-1.47261	0.00365	0.13655	1.0972597797808	3.37198572696674	0.00594829592736136	0.153147068332717	0.913871318306169	323.796366744042	0.305790809965249	0.00280304053150349	0.171939698985629	133	307	246	323	35	631	765	873	0.0973389752735957	0.674478389928671	
SBK1	4.5436	11.3349	1.31887	1.55891	0.00525	0.176961	-1.03629539817978	3.95771677527222	0.0097295890372648	0.211217290322211	-0.856976340008801	486.383180997301	0.284435803731766	0.00258765048397725	0.165330028885451	1146	901	698	482	50	594	409	363	0.389788172830491	0.343800471096654	
SHISA3	3.03767	7.67086	1.33642	1.57617	0.00245	0.105313	-1.37269529417444	2.20495418874599	0.000816905007543226	0.0338885432876399	-1.05068118463498	138.980399219127	0.333435413210684	0.0016266872549096	0.145043485234156	125	451	125	358	8	162	94	120	0.175060998433185	0.556205838504636	
LOC101748574	2.08526	6.38247	1.61389	1.03763	0.0435	0.570021	-1.21614000564151	5.23569150852993	0.00213949121758937	0.0725114050501911	-0.972307511088119	1180.8158401821	0.3034454629769	0.00135426638868794	0.130144999952911	1743	3212	2036	1091	107	1082	936	1033	0.468359581320344	0.283503135475416	
LOC101747516	0.949035	2.66384	1.48897	1.10026	0.0353	0.523412	-1.32872702687356	-0.843826274310696	0.00956795425509774	0.208132294704259	-0.935927323573169	15.5699193838748	0.362265468995411	0.00977921313996269	0.279627579680164	35	38	26	12	1	13	17	12	0.0881096667653712	0.694687429522498	
LOC425224	1.69285	0.942985	-0.84415	-1.1806	0.021	0.39718	0.840748066649502	3.01062931268045	0.0329623969854039	0.448782414390067	0.727655716063107	261.682922547458	0.287758948656549	0.0114486220436916	0.289263047767045	291	309	99	275	51	312	686	433	0.0790878936078165	0.711245704766745	
FOXG1	0.959013	0.193462	-2.3095	-1.85467	0.0071	0.211657	1.92263768338759	-1.29010697196911	0.00012131667244252	0.00760120132162887	0.988571302408785	15.4406870128204	0.397872507427629	0.0129681263790402	0.300700603357424	1	13	5	7	6	54	18	8	0.0484622322023343	0.783479361184954	
SGMS2	5.32853	1.27096	-2.06782	-1.37661	0.0027	0.112646	1.92321145326944	1.72985102897744	3.92275319569555e-06	0.000394458738801122	1.51491632499026	110.404490368079	0.329589251921285	4.29901383714997e-06	0.00413135229750112	88	50	29	66	25	156	455	165	0.621669513087884	0.184987349684542	
LPL	6.66056	3.09189	-1.10715	-1.47933	0.00235	0.102568	1.25951495424659	2.50239074573437	0.0019366669407118	0.0669138830503957	0.912848363436007	171.867506321935	0.355400706037823	0.010213834399435	0.280201160534043	238	84	53	164	14	278	730	343	0.0268595973111969	0.849722695997077	
VIPR2	3.08395	1.58757	-0.957956	-1.27361	0.01075	0.268703	1.48096994820493	0.881333688203316	0.000370945578207279	0.0184762098977168	1.17315762302839	65.6198932279328	0.328247920602336	0.000351570749992087	0.0651191236400252	35	59	19	56	19	97	178	87	0.30053419642387	0.417112915921656	
NEFH	16.7875	34.01	1.01857	1.51012	0.0026	0.109819	-1.06134541176782	5.86540944498218	0.0065387491042712	0.161896693850004	-0.891230654965328	1816.42758232004	0.285287497294899	0.00178426369225235	0.153523560964928	4336	2581	1461	4430	77	2097	2518	1801	0.108011960206056	0.654643936572531	
LOC101749278	0.249539	0.936161	1.90749	1.60191	0.02155	0.402661	-1.48903881393112	-1.15493555072599	0.00104605603163961	0.0415606492012875	-0.979078235082387	11.3774301352418	0.378790526509372	0.00974500596125625	0.279627579680164	16	42	15	19	0	8	8	15	0.0683194860955954	0.736279508678033	
DBNDD2	235.821	440.211	0.900501	1.20404	0.0153	0.33911	-0.992089081849564	7.50368414505519	0.0110973384777005	0.231254214728857	-0.832575956033241	5696.50566842231	0.27080492801352	0.00210891733562664	0.153924270344597	10091	13975	8396	5254	456	6827	4920	6111	0.0515372685480745	0.77554018516602	
LOC101752002	33.2355	0.757443	-5.45544	-6.57215	5e-05	0.00552662	5.36985551605662	3.05933290514964	2.41314293156539e-28	4.28694841792592e-25	3.93260273848558	303.964376549995	0.346484501228583	7.41537676563175e-30	1.28271187291898e-25	20	26	13	10	126	907	539	524	0.999934117402931	1.563700666986e-05	
EYA4	0.740443	0.382214	-0.954009	-0.922996	0.04225	0.565617	1.40852306310658	1.70144105373146	0.000563597979855431	0.0251725648416581	0.938356201866942	105.048183968485	0.378447256364066	0.0131570405532519	0.301844147864923	112	67	13	114	20	134	452	125	0.0177869675744399	0.889108096162835	
MAFB	15.4424	8.29021	-0.897411	-1.34899	0.007	0.209778	0.774130377691097	4.08567717175035	0.047207337767241	0.550528460898273	0.683169624791358	556.234484727977	0.290049807588664	0.0185051273837915	0.338731950777593	666	552	369	439	134	676	960	939	0.149849967425665	0.591316952505398	
G6PC3	23.2909	40.2505	0.789239	1.58465	0.02415	0.429552	-0.803972587535317	3.51983080308089	0.0386363927447193	0.495294694658641	-0.705265298923357	351.406329933207	0.208106795841644	0.000701586225588939	0.0892324336172984	730	557	408	574	19	538	490	333	0.25549128298857	0.468518046238333	
DGKH	0.865794	0.271925	-1.67081	-1.56944	0.0019	0.0886077	1.86573133162208	1.83076893992201	6.21354207096144e-06	0.000588712399416693	1.40027742203173	131.488327233777	0.354032202706432	7.64622918809887e-05	0.0240480859083153	88	84	20	91	46	192	304	184	0.35894616936498	0.367808137510794	
PRDM6	1.41258	0.288765	-2.29036	-1.99384	0.00025	0.019793	2.18858008263755	0.833616575193129	3.92789053907416e-07	5.16881299456684e-05	1.18985510765516	63.5334627236649	0.39741165839841	0.00275335493431148	0.17132206350259	55	11	2	47	19	83	239	87	0.0910025797399306	0.688197912716028	
SLC22A3	5.40382	2.78601	-0.955779	-1.30701	0.0109	0.271257	0.867233576407439	3.60669084015852	0.027962126010514	0.406119229725093	0.68640318088178	383.030410450581	0.332452526785945	0.0389546842939663	0.433615269573377	629	307	85	434	50	777	1061	627	0.121709199705502	0.630378464845264	
SPON2	7.52136	3.85827	-0.96304	-1.25779	0.012	0.289736	0.886099825168999	2.72961611637803	0.0261633353589705	0.391129020464609	0.790194248712471	211.304262844991	0.268334153214584	0.00323148560339015	0.18148778560858	271	183	101	205	32	308	413	545	0.11376997849218	0.645722188523648	
RAD51	2.55755	5.19888	1.02344	1.13283	0.02625	0.449525	-1.06710710628438	1.87904072565247	0.00538505479670767	0.143613618154095	-0.844955712085904	107.574705366413	0.317401844493961	0.00776546140772486	0.256349143951955	219	250	144	144	2	109	97	174	0.11512794503336	0.641780848782049	
CHRNB3	0.605917	0.261245	-1.21372	-1.12201	0.04745	0.590851	1.19940929684183	-0.286337870295861	0.00873431158367865	0.196204482972457	1.02408847083023	23.991255159788	0.294584985963814	0.000508237290966392	0.0752484214581993	18	18	13	26	3	69	57	43	0.323944051528462	0.397778883158028	
LOC101748212	50.0849	87.6306	0.807059	2.45225	0.0319	0.494087	-0.849574945641526	2.90960292533925	0.0314102802378483	0.434808022149643	-0.704665647497096	230.158851789879	0.290482158835692	0.0152726533124956	0.312928082361622	366	262	239	634	15	342	292	200	0.0907083181067015	0.68889505720462	
LOC101750146	27.7079	3.73142	-2.8925	-3.37396	5e-05	0.00552662	2.215675450858	4.52987226368332	5.09380923471017e-08	8.28929963859171e-06	1.31941120074894	729.000068694022	0.390301838486858	0.000723568842294035	0.0898963662671859	38	700	333	200	98	2535	1964	1749	0.527385685816158	0.236213406270828	
DPYSL4	2.37407	4.50199	0.923201	1.1003	0.03105	0.487127	-1.0938800122191	0.345739134150237	0.00807153600364993	0.186625818357711	-0.808339524916888	35.2659072895828	0.35409640543613	0.0224407788820815	0.360427663047582	118	61	21	66	1	39	57	25	0.0276734434387459	0.846826588601369	
VCL	12.3984	7.7998	-0.668648	-1.03606	0.0374	0.539318	0.883106897385282	4.14745072974876	0.0239706873705107	0.371371448666096	0.776263933977629	576.621430464516	0.283323488750261	0.00614671816521985	0.22869406783306	644	635	228	586	132	841	1333	766	0.130290020904919	0.616850602624853	
PBX1	31.2339	18.5777	-0.749539	-1.01365	0.0443	0.57257	0.92603650794134	4.0538380416761	0.0178747648142128	0.31562280563709	0.772807174278021	550.28162043415	0.320090685913925	0.0157638221036622	0.315239993929652	569	597	243	517	153	786	1162	548	0.199883077487973	0.521751574307253	
MRC2	12.5991	6.64775	-0.922387	-1.32134	0.0077	0.219547	0.820298468553989	4.81007808779934	0.0356202594018854	0.469896466540466	0.705127805995633	898.795074527483	0.29915095869526	0.0184184385434162	0.337860180195137	1296	771	374	916	178	1151	2463	1245	0.0566421088448069	0.764096689081788	
COL4A5	9.05046	5.36204	-0.755209	-1.04386	0.033	0.505149	0.834190096619597	4.76376288141971	0.0326393919492484	0.447751967550887	0.783008125686912	875.504126422551	0.225261358871463	0.000508955299996098	0.0752484214581993	946	969	474	800	185	1433	1576	1511	0.495575808685487	0.261834323174954	
RASSF8	13.4945	7.16727	-0.912876	-1.32869	0.0081	0.225291	1.07598421391943	5.21604909013396	0.00610041505120791	0.154359845173885	0.901231207474533	1176.98718036805	0.303475704472281	0.00298092593670912	0.174793413061676	1367	902	390	1302	185	1708	4175	1780	0.0782666189201075	0.71360763270029	
RMI2	2.20825	4.75825	1.10753	1.42864	0.0152	0.339101	-1.09166221811963	1.72967718037404	0.00606164132439193	0.154359845173885	-0.899021963627765	98.3911640326088	0.289547538838836	0.00190330452544015	0.153924270344597	214	127	136	199	4	122	80	123	0.105791311834649	0.658935283006008	
GRIN2B	2.88767	1.51059	-0.934796	-1.26129	0.0121	0.290502	0.944921484447348	3.45697800737847	0.0158452744981332	0.290446742692351	0.72276077566066	373.013237703358	0.35563681248041	0.0421232712478093	0.44420677839664	264	280	166	555	112	561	708	328	0.0174703607812056	0.890572440080116	
LOC101751709	89.3405	158.546	0.827516	2.87825	0.01765	0.363876	-0.76845628702969	3.93247743319912	0.0496910463143154	0.571674973194051	-0.655061527585378	472.673471019551	0.264438195981422	0.0132424372162922	0.302277859822108	1078	616	452	903	34	794	640	343	0.071811486512527	0.727762343363434	
GNRH1	4.14763	1.11672	-1.89302	-2.54593	0.02795	0.464614	1.41104951650307	-0.63044634101721	0.00278726676039681	0.0878762673123565	0.960363406088627	18.9658768284316	0.375728768439017	0.0105882573052739	0.283779317766438	18	22	4	11	3	76	22	36	0.0511163174115002	0.77632725032386	
COL15A1	2.57207	1.3093	-0.974136	-1.28943	0.01165	0.284923	0.910095494371694	2.96523524155696	0.0218884679922979	0.355383366839153	0.788346933121879	248.101257144662	0.288333461549404	0.00625415465847795	0.229204167971084	357	274	87	190	38	359	652	510	0.11590358608023	0.640602016270485	
LOC420515	1.38344	0.672207	-1.04128	-1.22802	0.0219	0.406523	0.877120964866035	1.74428286828937	0.0294384607037441	0.416989438725859	0.772438327289252	110.278253505431	0.248553311945907	0.00188525748409137	0.153924270344597	123	84	65	111	22	166	260	181	0.0623683839826371	0.750609916494155	
FOXL1	0.959604	0.296443	-1.69468	-1.48719	0.02015	0.390209	1.47433665740682	-1.10969642668659	0.00287302269658441	0.0898051288061384	0.861392954201883	13.9279780906016	0.393967033015968	0.0287820060638255	0.386807963822861	16	3	4	13	3	23	57	13	0.0241835320358384	0.859637676181535	
RLN3	13.1041	41.2348	1.65384	2.74047	5e-05	0.00552662	-1.5975878617888	3.63196659170346	4.97196018474278e-05	0.00366755180686321	-0.895506086118914	375.801591091904	0.396005040252342	0.0237375785279334	0.367542954865779	94	1597	234	1177	8	350	503	209	0.0240354557392094	0.860192882209879	
GPR182	3.09897	5.4911	0.825307	1.0592	0.03805	0.542452	-0.816724098600182	2.70105129434727	0.0344527286063988	0.458180454417474	-0.655418207499158	196.063570882976	0.303940301315457	0.0310521002786751	0.40130198628653	374	361	309	196	8	304	195	266	0.0166516680454453	0.895564085485159	
PROSAPIP1	5.08823	2.41398	-1.07575	-1.52599	0.00255	0.107975	1.39585165661682	1.84675312313177	0.000546431905108584	0.0245756020107696	0.965980062755698	131.65609477712	0.379829711204721	0.0109844702500265	0.287457437798726	156	131	25	54	45	190	314	111	0.021255397477728	0.876384053402514	
PLAG1	0.753474	0.319011	-1.23995	-0.982023	0.04495	0.575292	0.962998957503865	-0.540239123878509	0.0219294209771141	0.355777318409527	0.723181731174802	27.0359600507137	0.368902577622426	0.0499537675183075	0.469364622776579	15	25	13	23	10	30	49	27	0.0280966600704277	0.84539488516294	
ARSI	0.760163	0.295807	-1.36165	-1.24323	0.0133	0.310979	1.17718693468816	0.244076222732839	0.00554239752517786	0.146389489350688	0.873713325528854	42.1699851192181	0.358882271351796	0.014910722463666	0.311425184826378	19	45	26	28	12	44	123	50	0.0349392973557452	0.823444760490066	
PDE3A	1.32866	0.613843	-1.11404	-1.15457	0.02145	0.40256	1.08392422160066	0.879862529206642	0.0083877353927837	0.191855947535797	0.801960181536516	63.1753460038249	0.361124589936733	0.0263692596923983	0.376038057303687	40	60	15	88	16	81	183	74	0.021430331979127	0.87327143431617	
LOC101750897	29.3466	16.1084	-0.865378	-1.66815	0.0301	0.478744	0.840412107299254	2.69874584363038	0.0324441296373174	0.445646878613617	0.702253707295456	217.359875475258	0.313533133915919	0.0251034554050145	0.371745041991735	251	227	84	232	53	305	532	228	0.0380216770807991	0.81428852388915	
LOC769834	0.541528	1.53664	1.50467	1.50912	0.00795	0.223308	-1.76572738149669	0.584229979552723	0.000265365600086669	0.0140026333233852	-1.10286830450451	44.9215516205524	0.379047288770576	0.00361915073037362	0.190224507828194	85	49	30	188	4	25	45	18	0.0961346746241087	0.677889103251955	
SLC39A8	3.69948	1.27608	-1.5356	-1.55345	0.0019	0.0886077	1.74238730315802	1.59220506499115	3.06734408659875e-05	0.00243991198649672	0.999741870243073	89.6092206615179	0.392720694528367	0.0109064598632972	0.286784818088089	79	51	5	96	8	179	482	122	0.0184336520813756	0.885200706079835	
C1H13ORF15	46.4502	25.6131	-0.858804	-1.30869	0.00885	0.237236	0.808812217480779	5.34783466447651	0.0385030918593358	0.494681099060333	0.749547890260012	1288.70477033114	0.240618398547307	0.0018388899220225	0.153924270344597	1160	1156	1113	1105	175	2004	2736	3103	0.0733441621192669	0.72388744315241	
LOC101752155	0.602717	0.0475626	-3.66358	-1.90344	0.0297	0.477388	3.24173475093292	-2.21364168007416	1.26545901022288e-06	0.000142735741692758	1.36524011456606	7.25563279663535	0.395531076226503	0.000557142422796921	0.0778145419312823	0	2	1	2	3	28	11	5	0.516029478202741	0.241539337842848	
LOC768363	0.443976	1.36047	1.61555	0.997793	0.0253	0.439836	-0.917394761420451	0.549132625222824	0.0284389013274914	0.409103718118568	-0.741071161831932	42.089165716384	0.304547493201163	0.0149597619739753	0.311425184826378	77	91	48	72	2	82	36	33	0.120713115881304	0.632620584498971	
GYPC	7.95908	3.87816	-1.03723	-1.17051	0.01775	0.364464	1.70859716577878	1.39795531735492	3.52392511071554e-05	0.00274171662446109	1.1733329076512	92.2726437054272	0.375466309770156	0.00177803949627819	0.153523560964928	64	66	10	82	26	101	327	123	0.0615131091755582	0.751804238675434	
FANCD2	1.72597	0.8221	-1.07002	-1.18924	0.0187	0.375367	0.914000171240314	1.77824207932194	0.0206825129896929	0.345133296753318	0.734568531358846	126.160013493603	0.345231603082415	0.0333573392628465	0.410687013927914	120	114	76	98	42	158	199	132	0.0795483820112354	0.710198082383621	
MLST8	23.6263	41.0088	0.795539	1.17181	0.019	0.378377	-0.86312230958468	4.91714087743708	0.0263921039973525	0.393392411312378	-0.770322450422158	936.928835457483	0.206752104367643	0.000194676351678167	0.0465301816402678	1807	1944	990	1478	47	1450	1111	1007	0.337526812607303	0.383506734062896	
NOL9	27.8121	48.1198	0.790917	1.20495	0.0163	0.349635	-0.84790721223791	5.02152949380193	0.0288993365873204	0.412761404099351	-0.739486679733451	1007.41396580305	0.241577500686511	0.00220544355932299	0.156994908185881	1746	1911	1307	1542	46	1703	1167	1064	0.278766953157965	0.441051663992687	
ADAM33	1.8118	0.562926	-1.68641	-1.80975	0.0009	0.0514087	1.28038605698611	0.924050469582442	0.00218380798636407	0.073083859738319	1.05058803640152	63.0903613289023	0.307945203976108	0.000645811316639605	0.0872753449627491	62	51	28	41	14	124	199	64	0.32207949203039	0.402370743973167	
MEF2D	12.6348	5.19013	-1.28356	-1.70539	0.00095	0.0533693	0.916312560595748	3.87133320326958	0.0191162642303388	0.32923446940844	0.753888457272582	488.215238704356	0.327913687617777	0.021502361056071	0.355199818955471	563	400	224	509	139	701	967	490	0.11646701859151	0.639176872387123	
ARHGAP31	4.75496	2.70681	-0.81284	-1.04082	0.01905	0.378377	0.806738116104896	4.65717447566703	0.0387013390545631	0.495294694658641	0.712405717517329	813.718794854314	0.282810910770623	0.0117682708197971	0.289263047767045	1007	700	404	896	175	1031	1976	1157	0.106413386004182	0.657660395748692	
LYVE1	0.743096	1.70723	1.20004	1.29456	0.031	0.486792	-0.953924275495638	1.08706935407586	0.0246769220959951	0.379554563666972	-0.871241636247267	63.5449220542088	0.219361420925629	7.13562522477608e-05	0.0232890651204107	133	137	67	94	5	69	82	56	0.288086219017986	0.431732308619253	
CMYA5	0.542987	0.176654	-1.61999	-1.74834	0.001	0.0549097	1.40837623885434	1.57886432321199	0.000564428463941859	0.0251725648416581	1.14108699695711	106.109571068515	0.322666375345744	0.000405574217646849	0.0697543427319712	119	67	34	65	31	157	213	184	0.271402915744906	0.450603857777154	
LOC101748797	9.18213	3.61006	-1.3468	-1.61866	0.0015	0.0748768	1.08733942674201	2.386700280403	0.00624578044143404	0.156093256096707	0.888141395960119	185.37446059866	0.328075000091049	0.00678678494375764	0.239587359096163	159	141	112	149	58	341	241	228	0.284663122732342	0.435261787240928	
PPP1R1C	8.46034	3.97385	-1.09018	-1.09912	0.02825	0.466866	0.946207563738999	1.83045530488561	0.0203183520422771	0.341184394131289	0.754490565113541	110.61667596875	0.328110834624567	0.0214766150795019	0.355199818955471	148	75	28	151	14	236	233	251	0.0776690194588939	0.714772607518512	
PPP1R1B	6.04172	2.16595	-1.47996	-1.45844	0.0038	0.140617	1.23415722864708	0.834471238221886	0.00273100075675959	0.0871549013961092	0.946212750424165	64.12016199741	0.348360996037709	0.00660390973408361	0.236198623188345	54	38	23	67	19	132	144	51	0.078702722591565	0.71257982928845	
BLA	85.2331	14.9278	-2.51341	-9.09604	5e-05	0.00552662	2.27514696095685	0.88822368825067	2.07279579673176e-07	2.8325551791492e-05	1.45602903797493	69.7553661707396	0.385118891762537	0.000156371647213275	0.0416141038999265	53	14	25	16	24	67	243	98	0.16224627661771	0.576149594807356	
SCARB1	9.81481	19.7723	1.01045	1.51161	0.00285	0.115506	-1.00467272244712	4.05172192503216	0.0107560739016492	0.22642292648799	-0.932960829272787	513.656982707394	0.157993283532852	3.52504753204449e-09	1.52440680523264e-05	895	1208	599	800	35	606	554	522	0.836869463786926	0.0698876019117469	
FAM129A	12.7046	6.59624	-0.945631	-1.49705	0.00325	0.125731	1.077428730561	4.56500651670155	0.00613423342391029	0.154359845173885	1.01904961663896	755.896208952786	0.202663243240829	4.94872341660742e-07	0.000611450126146251	642	764	320	777	132	1316	1863	1476	0.822589889030474	0.0766735270337675	
LOC101749351	52.2163	20.0113	-1.38368	-1.70054	0.0012	0.0622756	0.909307305857308	2.49976991985746	0.023364791464983	0.365436995194796	0.840866178209373	178.690153845725	0.229117016933091	0.000242522614677769	0.0531032428948866	169	217	96	156	26	319	546	267	0.263065748253946	0.463379923098115	
PKP2	4.56574	2.48989	-0.874765	-1.21958	0.0191	0.378928	0.929529139470661	3.20379209666594	0.0196183618151854	0.334579389740899	0.745892941486999	284.637128709924	0.32110827677589	0.0201861106478491	0.351492857021735	369	243	100	328	28	466	1114	429	0.0311529865148106	0.835771502568056	
ITGB6	1.01511	1.90774	0.910236	1.12747	0.0258	0.444952	-0.960531312656979	2.46277203476423	0.0202911711302228	0.341184394131289	-0.752728729926883	170.728975263491	0.315348075745747	0.0169875355307807	0.328824416424366	457	301	198	179	17	96	233	181	0.0290446720954288	0.842067447298541	
PRELP	13.3708	5.85779	-1.19066	-1.8357	0.00075	0.0444826	1.11349025187132	4.27929931557143	0.00469916354067477	0.130268879531996	0.892813600553565	618.213477760093	0.326173808044253	0.0061958456245858	0.22869406783306	787	444	171	654	104	765	2109	1073	0.0544671249934308	0.769311044531927	
LACC1	0.632628	0.243519	-1.37732	-1.05072	0.0124	0.296451	1.36458731657054	0.137748824295022	0.00245759397313245	0.0800897124782556	0.985995446777969	31.7559531260983	0.359512076273253	0.00609561122738873	0.22869406783306	22	51	13	11	3	62	84	95	0.0456452385592315	0.790938555368835	
DHX58	1.42684	0.536859	-1.41021	-1.57354	0.00235	0.102568	1.19831433032306	1.77387603653789	0.00298461196803658	0.0924311551943743	0.851914095542481	118.953160100587	0.371404761156714	0.0218041782470364	0.355484142617564	112	99	60	79	33	118	436	73	0.159821212300453	0.578760315557382	
SLC16A12	4.9224	2.50848	-0.97255	-1.27826	0.0123	0.294473	0.906130394466747	2.99586815467944	0.0227851684136659	0.36170628201145	0.714655869381802	249.320374290671	0.332563838161224	0.0316400778650583	0.404217183832924	406	205	60	260	31	436	785	424	0.0657057172970791	0.74331441584787	
C18H17ORF67	2.52787	0.944604	-1.42014	-1.50612	0.029	0.472833	1.46484997010247	-0.208713682453082	0.00178616870594443	0.0634625741222055	0.887620638213417	22.9270117182614	0.386448814274351	0.0216264895124547	0.355199818955471	24	17	6	23	1	42	131	28	0.0575919966434513	0.76144460745495	
PI15	4.18196	1.57977	-1.40447	-1.88186	0.0007	0.0422532	2.4663978327004	-0.135496019820785	1.01218896818255e-07	1.49846141831359e-05	1.4074070416321	32.3364085976053	0.395561255208611	0.000373688969952448	0.0659599163493616	26	8	1	13	10	31	130	54	0.196846743862362	0.525969524248642	
LOC101748987	46.0494	73.985	0.684051	1.02514	0.04215	0.564943	-0.786016179850416	4.58901259095314	0.0459646402817184	0.539281343712534	-0.654021489821005	754.010119904264	0.274381217584507	0.017143136026349	0.329491074426428	1504	1269	1129	753	74	1162	714	649	0.106347560603814	0.657873577359936	
EGFR	2.67774	1.55975	-0.779696	-1.09715	0.027	0.456791	1.13009252286339	3.32108495300001	0.00421390576686305	0.120904499512768	0.939766503414948	338.108016957493	0.315889260863314	0.00293000786340384	0.174576627850179	306	299	149	304	97	404	770	441	0.605606018067972	0.196974174732288	
ADAMTS5	0.603847	0.146985	-2.03851	-1.60994	0.0076	0.218157	0.960702499445104	-0.542600025350767	0.0240208407788638	0.371608333616705	0.728751992085381	24.9605168362164	0.349123036005749	0.0368539150227299	0.422994392128679	22	22	7	25	8	35	47	30	0.0340556770451075	0.825693635869933	
CDH7	3.63497	2.03948	-0.833744	-0.998332	0.04325	0.569375	0.865315289320443	2.64383348277223	0.0279616035758085	0.406119229725093	0.735737551572585	208.455758007318	0.303133158409587	0.0152196361346163	0.312928082361622	310	197	80	167	49	333	425	287	0.0806124938678618	0.708079520744611	
HTR7	2.34732	6.59827	1.49107	1.6248	0.00265	0.111379	-1.51294088919385	2.03134442220033	9.71456564307615e-05	0.00641161332443026	-0.976194700220704	118.667433255364	0.386163046021849	0.0114735912825296	0.289263047767045	174	536	167	64	1	133	127	92	0.0353454615778142	0.82237870203875	
PDE6B	4.3804	1.29787	-1.75491	-2.25515	0.0001	0.0100722	1.66123058256566	3.0212268413034	3.81996708721451e-05	0.00293943212279978	1.06524071762524	262.613272787918	0.383484222569755	0.00547290640738324	0.220676771643159	307	94	24	249	52	486	1048	320	0.104850993660829	0.660411348683103	
LOC101750827	2.12505	1.03581	-1.03673	-1.03783	0.0378	0.541869	1.0858169445336	1.88750683592623	0.00722016257268673	0.172362178862862	0.944683096962481	124.375517375304	0.271773539833203	0.000508964349092919	0.0752484214581993	120	77	91	88	28	256	223	209	0.334889718942079	0.386987760470597	
AKD1	0.686255	0.309446	-1.14906	-1.09295	0.027	0.456791	0.911604255157377	0.922929447093653	0.0284318849398655	0.409103718118568	0.707616295541336	60.9507246142034	0.338044305182785	0.0363255096541691	0.419745267867614	29	63	23	101	11	133	141	85	0.097345044129952	0.674286317003758	
LOC101747382	1.41122	3.61635	1.35759	1.11442	0.02185	0.406038	-1.03460383886806	1.52114436913825	0.0142700649158318	0.271309996620891	-0.751093630352975	86.9573090861919	0.350187762179834	0.0319663474557893	0.404397846385516	164	121	85	225	7	172	47	52	0.0427904716632014	0.799895701238059	
FAM54A	2.46868	5.27907	1.09654	1.21835	0.0203	0.390448	-1.05676827199381	2.17901083292119	0.00550024292496331	0.145489848228307	-0.878946933178074	132.8380407642	0.270942303493293	0.00117848321101862	0.117834697018497	220	326	174	215	2	200	165	130	0.214729604594809	0.509132906772168	
COL20A1	0.808523	0.392525	-1.0425	-1.04604	0.03595	0.52928	1.01742475708089	1.19509150856157	0.0171095477900134	0.307021329787462	0.877518540376118	67.2584254372608	0.291282231892234	0.00259015133703072	0.165330028885451	68	67	34	68	5	133	255	113	0.222875319575628	0.498698827301326	
LOC770612	242.969	109.688	-1.14736	-1.5553	0.00395	0.144285	1.02445580625906	5.91254653612239	0.00881035988954693	0.197704475921433	0.734575320009648	1926.38484533831	0.365918221061321	0.0446980520404794	0.45374818321374	1751	1562	1165	1828	446	1529	7648	1361	0.446717221472893	0.304488987084597	
ATP6V0E2	55.3972	98.0928	0.824336	1.2247	0.01555	0.342865	-0.841800171011713	5.36465193123136	0.0292764822232607	0.415800165246817	-0.657185275424483	1275.86629887773	0.328892290762996	0.0456973869746367	0.456431166401549	2248	1963	1530	2530	30	2400	1629	1363	0.175107100624155	0.555842685581579	
XPNPEP2	0.771435	1.63305	1.08195	1.04765	0.03565	0.527224	-1.28909452227528	0.843868715507002	0.00582985875644494	0.15156210849987	-0.919486975232574	55.453806290524	0.349008781510707	0.00842447063092867	0.265751586700267	110	132	92	42	6	63	29	43	0.0461708624407053	0.789182122813949	
LOC101747802	2.1883	0.85607	-1.35401	-1.16733	0.0172	0.3594	1.5856226593243	1.16483052336134	0.000232987494089207	0.0124481889699091	0.881176135924575	68.0108080199976	0.39451746324098	0.0255124204952833	0.372416750824819	4	68	57	35	7	230	127	180	0.057485547128206	0.76174254408214	
CNP1	5.00274	0.333985	-3.90486	-1.99343	0.0012	0.0622756	1.75422300600517	-2.57449889792565	0.00131172585736345	0.049244237030587	0.854125459166283	11.3467077127526	0.375212616705006	0.0228234409771204	0.363535802967062	1	4	2	3	8	3	7	6	0.11046557929264	0.650459351215182	
SCARA3	8.21549	4.27257	-0.943243	-1.21996	0.01405	0.322317	0.857029045815659	3.08794674463545	0.0289370232443756	0.412761404099351	0.682579341959925	282.877918260528	0.341927077527891	0.0459043587373315	0.456431166401549	472	252	119	181	70	460	668	257	0.0220225477620971	0.871104722497224	
FAM3B	2.72035	5.47819	1.00991	1.24854	0.0131	0.30757	-0.975739296476456	2.64680718416014	0.0129301488362842	0.255804381059997	-0.772295882203381	188.926931628959	0.319397819965567	0.0156071573207763	0.312928082361622	212	565	285	206	9	202	309	166	0.0283955054669015	0.844138770307573	
TRANK1	2.6765	1.36142	-0.975242	-1.38625	0.00475	0.165009	0.949082658563199	3.72266225320428	0.016146236967622	0.293941485632593	0.806309540036748	418.515552636596	0.295362163921273	0.00633532998489916	0.230712711744812	440	376	211	434	64	510	1554	589	0.369418912134063	0.358224533215889	
DPF3	2.68054	0.854665	-1.6491	-1.37972	0.0063	0.196408	1.04266202162782	2.13422509622551	0.00861668678261436	0.194708321143308	0.816014740917209	160.031401421634	0.352774763477721	0.0207153599569152	0.353910051951574	116	166	108	96	54	179	246	209	0.0571088401304678	0.762729674860173	
MICAL2	1.41523	0.585558	-1.27315	-1.53802	0.0031	0.121586	1.22417722621357	2.41534022398838	0.00240453991004774	0.0791049101888853	0.96452466802526	167.770256143991	0.331188827097837	0.00358765919074679	0.189783879760055	222	122	39	153	24	260	605	302	0.0727541090726835	0.724833095716258	
CPED1	2.58512	0.934987	-1.46721	-1.75673	0.0007	0.0422532	1.49127396300781	3.37066965312171	0.000194924532891911	0.010906564808897	1.09628562859871	325.865950000555	0.353837337627029	0.00194650246862133	0.153924270344597	404	182	60	268	47	513	1416	512	0.10050586860134	0.668002052096503	
PRKAG1	30.5538	64.4297	1.07637	1.33668	0.0081	0.225291	-0.9265721836192	3.45616839745638	0.0173101614683339	0.309578877669415	-0.810636845124459	335.259823179995	0.21351626491677	0.000146691450297659	0.0402772810674429	636	690	444	452	16	475	403	355	0.353769829344769	0.372155198051413	
ACOT7	44.6909	74.873	0.744465	1.07818	0.03005	0.478744	-0.788647797645543	5.99995955940822	0.0419837008311287	0.507824856909892	-0.635626980379166	1994.21163066321	0.309620135044113	0.0400798317126513	0.435122506457994	4449	2388	1895	4204	83	3904	2566	1761	0.0219795488872898	0.871186321646569	
PTPRB	7.5421	4.47268	-0.753828	-1.11767	0.0244	0.431705	0.810000227093605	5.31127009999193	0.0380209821772465	0.490486579411811	0.761025796439008	1257.6766577351	0.226888371602067	0.000795988414337062	0.0925602112990622	1777	1372	528	1093	189	2363	2794	2364	0.169378609881943	0.566091815833252	
LTBP2	4.91979	2.43952	-1.012	-1.40041	0.00585	0.190036	0.914777940753867	3.72259959906966	0.0197584003082572	0.336160876114466	0.717818374640495	428.685516813676	0.341192820573947	0.0353915697148897	0.417032999721146	635	336	165	395	93	573	1379	381	0.0276215500952663	0.846984005565993	
VIT	1.97056	1.05212	-0.905312	-1.02942	0.0321	0.496282	1.22661858756241	1.27913934299432	0.00312703753603285	0.0957790031510753	0.853604970787263	74.6049048295912	0.367515979348202	0.0201988428414008	0.351492857021735	79	57	12	94	10	114	315	105	0.0188025651819507	0.88407980323143	
LOC770506	0.226103	1.77265	2.97086	2.28186	0.0295	0.47668	-2.70329876211442	-0.324977091358906	1.09212334578385e-08	2.0422706566158e-06	-1.69152761057881	22.4964805628271	0.383864106714533	1.05015892815923e-05	0.00698678813049934	48	49	68	21	0	8	11	11	0.728072701667882	0.112228657338108	
MAL	0.711077	0.123879	-2.52107	-1.56468	0.0453	0.577351	2.05780842620704	-1.63796350525117	0.000120666026195997	0.0075880777181306	0.739016436377861	10.9727556056035	0.375398135672874	0.0489966956171713	0.466709714089113	12	1	0	5	4	49	13	2	0.0197044395731608	0.880807177533233	
CYB561	10.0088	21.8522	1.12651	1.48282	0.0033	0.1268	-1.08880363978831	3.35869379395412	0.00510213045042917	0.137680021445885	-0.785801186259453	312.960461574527	0.359700637093018	0.0289183563624847	0.386807963822861	227	450	554	824	11	564	296	245	0.0173601573350907	0.890975040476545	
TMEM200A	4.96948	17.7872	1.83967	2.62239	5e-05	0.00552662	-1.73574148706159	4.63630193095217	1.34133162303493e-05	0.00117672870534397	-1.45313533832471	768.701020021528	0.287370434607412	4.26657034000372e-07	0.000567716413395265	1240	1520	1746	1097	29	632	729	493	0.869551447907143	0.0543514082907152	
LOC769325	0.172019	0.766448	2.15562	1.68961	0.03005	0.478744	-2.17614987091992	-1.12466353764422	1.3888588310192e-05	0.00120847724733336	-1.56453301424957	11.7416872528238	0.356314289552273	1.12893233062857e-05	0.00723269313156037	30	26	16	31	0	11	7	4	0.856449274300105	0.0619132257775009	
FAP	2.54895	1.33051	-0.937931	-1.19626	0.017	0.357693	1.0745716113333	1.99641755958529	0.00865592032796779	0.19506015808839	0.905767780516791	121.577383889689	0.300448492785202	0.00257217437706642	0.165330028885451	165	96	52	99	12	202	430	246	0.0641821758568005	0.746960995191388	
GUCY1A2	1.15231	0.39817	-1.53308	-1.75715	0.0007	0.0422532	1.32221378021428	2.10303858274722	0.00103548105129552	0.0412605328065754	0.997320577796597	150.409786954872	0.354188347652882	0.00486572165312101	0.213518971011597	145	81	49	150	44	178	441	158	0.0637127611859823	0.747855464276443	
C1QTNF7	1.5296	0.646877	-1.24159	-1.12781	0.0274	0.45951	1.14894965717229	0.478298943576249	0.00768693168881822	0.180672557598927	0.931453037493717	43.4798840444976	0.317632212853927	0.00336256604839654	0.184068568054315	56	23	15	45	7	80	115	88	0.123376040261355	0.628359788669694	
LECT1	0.29266	0.815007	1.47759	1.37706	0.01715	0.3594	-1.63284820161432	0.224676461828463	0.00200890986120441	0.068962867022795	-1.25074444389096	36.3683500214219	0.332633388027724	0.000169825770925928	0.0445097906890411	87	59	35	83	5	28	29	11	0.355824605552381	0.369994455050932	
ZFP3	0.789634	1.56772	0.989415	0.985574	0.04535	0.577351	-0.937404666230141	1.13577550404231	0.019918575938054	0.338345977567677	-0.760215090698351	63.9708950248722	0.308465371924283	0.0137201855830092	0.304670220277678	108	124	54	161	3	96	98	38	0.0409479495762482	0.804798141315358	
C23H1ORF172	0.701888	1.47996	1.07625	1.09648	0.0287	0.470647	-1.03041224836286	1.47448109290896	0.00810621754848217	0.187224643227024	-0.836795747152305	80.4856378588259	0.303724627294303	0.00586718219776243	0.227048137934887	150	148	77	200	2	145	86	62	0.095571311803305	0.679379762628532	
LOC425756	5.47531	2.06055	-1.40991	-2.05675	0.0001	0.0100722	1.29812987345736	3.76477641539076	0.00106150280832498	0.0419057719775406	1.19259433593201	441.802896871933	0.230843225734027	2.38834407627626e-07	0.00037557796210388	394	422	204	271	95	749	1181	746	0.926349144279309	0.0279257963996996	
LOC420381	3.3334	0.547506	-2.60605	-2.55045	0.0007	0.0422532	1.53575606254883	-0.854582919355765	0.000495657790589057	0.0228710666228951	0.904886683988733	27.4664906913178	0.397807051205543	0.0229246893350998	0.364111542165691	5	16	9	20	14	13	20	47	0.0456638461482612	0.790787106885987	
DLK2	17.1471	29.9007	0.802219	1.17703	0.0178	0.36505	-0.864759308470351	5.18156026541555	0.0267319276622364	0.396717991439243	-0.73084861529028	1131.91879304839	0.269719170236955	0.00673511809710243	0.239062418023324	1889	1969	1880	1331	77	1925	1178	969	0.0710308162323799	0.729459879700017	
EDNRB2	0.667908	1.40672	1.07461	1.20137	0.01725	0.3594	-1.14425204609708	0.0117954890866578	0.00801133197917553	0.185588598208757	-0.967992013382945	28.0628883091284	0.276903034923932	0.00047267873972789	0.0736612327911085	57	70	27	54	1	26	36	28	0.183556129662387	0.538277851479561	
CD74	516.836	231.535	-1.15848	-1.35829	0.02365	0.425999	1.09100891116631	8.21045819261079	0.00526991722280975	0.140958714373724	0.953965992309052	9461.17844928446	0.289752128969063	0.000993531858181914	0.103530807727896	9316	7260	5972	7125	2386	12486	22286	13744	0.0382203518626681	0.81328209774885	
LOC772271	11.2429	4.72471	-1.25072	-1.27452	0.0243	0.431319	1.41901973172365	2.16636948301993	0.000516289317716146	0.0235176403313521	1.05885514057626	140.02612219602	0.348948026665906	0.00240998045623772	0.157748145477162	156	40	40	161	18	408	356	279	0.434490132917909	0.316038564653582	
C3H6ORF154	39.0217	70.0347	0.843794	1.46095	0.0108	0.269162	-0.86199150627898	5.53232133685812	0.0261403132984689	0.391059086945095	-0.701309988562091	1438.29774091947	0.306587509007122	0.0221683552357175	0.358381503614431	2247	2247	1630	3276	49	2742	1746	1349	0.0622240000752061	0.750827789464997	
ITIH5	7.39015	4.38856	-0.751857	-1.08301	0.03015	0.478744	0.814435083845901	4.23435704202651	0.038166689932277	0.491623864638236	0.670185283165855	590.161935842344	0.313854813359785	0.0327336259680675	0.408469497308323	943	489	189	648	71	1098	1915	836	0.0218772163837522	0.871538785343153	
PROC	0.89948	2.38846	1.40892	1.52248	0.0135	0.31393	-1.13094310357216	0.853045467589784	0.00738697568703652	0.175362525274214	-0.894549654137176	53.460374191694	0.320285638954643	0.00522257927359615	0.216124823623603	72	101	96	90	3	87	48	33	0.0580048492119583	0.76084659061282	
HIST1H46L1	3.56427	0.80851	-2.14027	-2.43168	0.00725	0.212775	1.27816888720696	-1.43341339793564	0.00395637153725179	0.114907259442961	0.848561514928815	17.4778936907939	0.398155641629118	0.0330701434729619	0.410687013927914	11	15	3	6	9	22	18	12	0.0485250158578931	0.783397937538339	
COL3A1	58.2639	29.5269	-0.980571	-1.31051	0.01035	0.263739	1.07541733748303	6.750854230643	0.00598686788303348	0.153399097993399	0.983514136186314	3420.52613857819	0.248079281363204	7.35451931132198e-05	0.0235589768606014	4367	2554	1380	3034	614	5772	8489	6567	0.416318207912072	0.325644188376688	
LOC100859014	14.1634	23.9137	0.755671	1.12147	0.02595	0.446183	-0.834759721214891	3.8125682700256	0.0326752977948608	0.447956269061636	-0.736576051887828	433.206585206027	0.216555606624131	0.00067059989319165	0.0885499004002226	881	792	537	592	27	708	494	405	0.236221756152423	0.485930284496216	
LOC421506	1.6279	0.561026	-1.53687	-1.35188	0.0126	0.299549	1.95115131321693	-1.68610365058722	0.00115361299885697	0.0447140398356963	1.18177683532139	6.87497617864104	0.388877915168416	0.00237411760365799	0.157748145477162	2	7	2	6	0	25	22	20	0.429846683134966	0.320052461237965	
HEY2	2.43118	0.935592	-1.37771	-1.5802	0.03865	0.545181	1.12867641939272	-0.752425593153524	0.0184204592926274	0.321874878032977	0.837341189806092	17.6902593359295	0.35003440638927	0.0167491627894997	0.325902157404685	10	13	10	22	3	43	52	20	0.0469973497425177	0.78692411533103	
KCNQ5	3.99092	2.13251	-0.90417	-1.29218	0.0107	0.268241	1.24367996512575	4.27287742439467	0.00163323227517901	0.0589124291747313	1.09427720835864	625.232794879122	0.271963811709693	5.73119942860944e-05	0.0198276575432172	495	487	266	634	136	1141	1855	755	0.71060148298988	0.125489122719905	
PDE4A	28.1064	49.4467	0.814975	1.19171	0.01675	0.354184	-0.919682871218349	6.09172995055806	0.0190149603146223	0.32923446940844	-0.731762494673447	2144.50747139787	0.299008834718721	0.0143933421085387	0.309120656676362	4471	4849	2943	1734	232	2731	1820	1741	0.0975676615154218	0.673901274002742	
BNC2	0.503439	0.16372	-1.62059	-1.39734	0.00335	0.128143	1.64258181089539	1.57284319838099	6.26306933369701e-05	0.00440647234507435	1.0949515167421	113.915600259602	0.384320154903274	0.00438484897498579	0.203122644409912	79	60	15	117	43	151	262	106	0.0334002595084289	0.827732664795824	
B3GNTL2	4.02284	1.64522	-1.28994	-1.5016	0.0153	0.33911	1.23385441590476	1.19724219428481	0.00335210937487678	0.100786116564786	0.851555148502602	69.4566972816812	0.369555053496349	0.0212074121497983	0.354654034157347	124	34	21	42	8	100	270	138	0.0231054449587912	0.865670282929243	
