Gene	cuffdiff_ctrl_FPKM	cuffdiff_exp_FPKM	cuffdiff_log2	cuffdiff_test_stat	cuffdiff_p_value	cuffdiff_q_value	edger_logFC	edger_logCPM	edger_PValue	edger_FDR	deseq2_baseMean	deseq2_log2FoldChange	deseq2_lfcSE	deseq2_stat	deseq2_pvalue	deseq2_padj	bayseq_library_932	bayseq_library_933	bayseq_library_919	bayseq_library_921	bayseq_likelihood	bayseq_FDR	bayseq_NA	bayseq_NA	

LOC101747521	0.0175989	0.724538	5.36351	0.229055	0.28545	0.999942	-9.91032669780904	5.69156632441976	1.10451656307292e-08	6.86255217459112e-05	3305.37805320821	-7.28896440679102	1.41085771672227	-5.1663355704818	2.38728025804053e-07	0.00019611507319803	11107	1	8	5	0.992527515730576	1>2	0.00519604994425454	0.0206335408665478	
GLRA1	0.0231738	4.25315	7.5199	3.12871	0.06705	0.752212	-8.96868671489137	3.8914789222516	1.45054076836446e-07	0.000441751829999909	947.587591329562	-6.87260623946894	1.38146516925115	-4.97486754819478	6.52922682902024e-07	0.000357583989336008	3181	1	4	3	0.952059767582189	1>2	0.0258133110715801	0.343103311589176	
TXNL4A	36.6558	36.7433	0.00344023	0.00269584	0.99695	0.999942	8.83824642038588	-0.932781989010991	4.70843324179194e-05	0.0244815560606148	28.0171683150367	6.28031046129111	1.40379387359834	4.4738124160585	7.68371557841138e-06	0.00193870578887391	0	0	65	55	0.99604849258382	2>1	0.00296861057127662	0.00592937458003706	
LOC101750399	0	1.77783	inf	-nan	0.0005	0.0396968	-9.92302695234459	0.0981068324415299	4.53195012286747e-06	0.00511031320413748	59.856991636872	-7.30146742287939	1.34908650762679	-5.41215658269653	6.2270199663592e-08	0.000102309938047282	55	179	0	0	0.975839753494629	1>2	0.0131264088505215	0.100559781191821	
MBP	9.55755	0	0	0	1	1	-9.97529768462861	4.68974857108731	1.70554086662336e-08	7.27174403893534e-05	1649.54150834256	-7.54184139119406	1.37907655236191	-5.46876196123946	4.53189891174901e-08	0.000102309938047282	5542	2	3	3	0.980261298282055	1>2	0.00810458029899268	0.0399649632759432	
LOC101749272	0.0766807	0.055504	-0.466271	0	1	1	8.54984512494599	-1.20127451233579	8.78638695639105e-05	0.0360208071416047	23.0292058318567	5.991399409582	1.42912290982729	4.19236118068115	2.76066012470287e-05	0.00362861166790945	0	0	33	63	0.971371160660658	2>1	0.0148489011270572	0.126309710711423	
LOC101752002	1.00007	26.3862	4.7216	4.08113	0.0005	0.0396968	-12.5945682486915	2.73254500949082	1.28765403407282e-08	6.86255217459112e-05	423.303478054987	-1.98402547802061	1.65356699266311	-1.19984584043087	0.230199217258495	0.889798290018626	1423	1	0	0	0.931247874999617	1>2	0.0400871404491927	0.683940467399795	
LOC420810	9.55043	4.63794	-1.04208	-0.530407	0.4961	0.999942	9.23065212396586	-0.56309826037065	2.01635277977582e-05	0.0148222788135383	36.8191110296272	6.62310598699376	1.38010173039803	4.79899839346161	1.59461073474509e-06	0.000654986359296547	0	0	80	77	0.992625505634959	2>1	0.0044372385025313	0.013260142805649	
