Gene	cuffdiff_ctrl_FPKM	cuffdiff_exp_FPKM	cuffdiff_log2	cuffdiff_test_stat	cuffdiff_p_value	cuffdiff_q_value	edger_logFC	edger_logCPM	edger_PValue	edger_FDR	deseq2_baseMean	deseq2_log2FoldChange	deseq2_lfcSE	deseq2_stat	deseq2_pvalue	deseq2_padj	bayseq_library_932	bayseq_library_933	bayseq_library_919	bayseq_library_921	bayseq_likelihood	bayseq_FDR	bayseq_NA	bayseq_NA	

NDP	1.89922	38.1474	4.32811	3.27992	0.00015	0.0207236	0	-4.86885619464601	1	1	0	NA	NA	NA	NA	NA	0	0	0	0	0.0684562146450628	1=2	0.767156308441686	1	
SPPL2A	41.7429	67.5077	0.693521	0.709163	0.3353	0.999942	-6.09116119758124	-3.24664367663404	0.0112517582730702	0.729072896247143	4.26853448617242	-3.82879586283213	1.61365861298879	-2.37274218475524	0.0176565835441891	NA	7	9	0	0	0.927232772578245	1>2	0.0430920858060804	0.746708332264002	
LOC771752	0.808795	0.935658	0.210207	0.0461552	0.86565	0.999942	-6.36089176376878	3.50639218020047	2.09750376423175e-05	0.0149048617486308	724.07175316817	-5.33003828918021	1.27708737629888	-4.17358936287286	2.99837975339913e-05	0.00365812694596149	2402	9	16	17	0.834584311039341	1>2	0.0999460127027989	0.999995161205019	
LOC101752257	0.00320097	5.13097	10.6465	1.27565	0.43535	0.999942	-10.867405161458	1.02107837675176	5.74999998224314e-07	0.00133144724237645	127.839764862793	-1.56652414273465	1.60721174922131	-0.974684352260136	0.329716857153425	0.927967192041103	430	0	0	0	0.829042949791479	1>2	0.102805358835619	0.999998077527442	
ATP1A2	6.47226	140.826	4.4435	6.38563	0.0002	0.0238721	-2.20261498561792	-4.03046166037652	0.385942231842026	1	1.73753162387379	-1.21532885866301	1.68252059587447	-0.722326289284651	0.470093893504032	NA	5	0	0	1	0.104747757222328	1>2	0.710741827725658	1	
LOC419144	6.99143	9.7427	0.478734	0.390103	0.5612	0.999942	-9.55353725328965	-0.259784375499133	1.0153049239427e-05	0.00908270834062621	51.3246979519036	-6.48184329650733	1.45784718460973	-4.44617471908932	8.74128623956556e-06	0.00193870578887391	171	2	0	0	0.774300262816147	1>2	0.136822756618425	0.99999999999886	
SEZ6L	0.277762	13.1299	5.56286	4.00209	0.0001	0.0158072	-3.25231317652939	-4.53198072071386	0.567719790194979	1	0.594603557501361	-1.17271869427362	1.54547192841158	-0.758809443714012	0.447966555604945	NA	2	0	0	0	0.235919762540653	1>2	0.586696807131008	1	
B3GAT2	0.92177	14.1316	3.93837	2.90413	0.00065	0.0473232	0.721135920304746	-0.0760618883224781	0.552939788226111	1	53.0859327359793	0.625885761665009	0.9066916893239	0.690296127156209	0.490007982870523	0.961004269025038	31	46	68	71	0.073904866580722	2>1	0.747931745486643	1	
LOC101750257,LOC101750332	0	0.526673	inf	-nan	0.0001	0.0158072	NULL	NULL	NULL	NULL	NULL	NULL	NULL	NULL	NULL	NULL	NULL	NULL	NULL	NULL	NULL	NULL	NULL	
LIMS2	118.149	138.7	0.231358	0.157099	0.8343	0.999942	-6.05173458842227	6.27078379978463	3.6898031150932e-05	0.0206997954756729	4925.73571452588	-5.21214466934269	1.22108691372898	-4.26844691458182	1.96838657507189e-05	0.00294585439985611	16205	175	212	76	0.370694899007688	1>2	0.426946860889899	1	
PDE8B	0.193983	14.5515	6.22909	4.27557	5e-05	0.00964066	-1.04763617330364	1.29681010576299	0.386889072479213	1	146.699942841679	-1.06316930659088	0.930405388156527	-1.14269470074481	0.253165370776712	0.903489027071277	269	88	96	97	0.0190160959720622	1>2	0.861525374680533	1	
RASSF9	1.366	15.4361	3.49827	2.68776	0.0005	0.0396968	-4.18140004018805	-4.25726897815514	0.231992438281397	1	1.18920711500272	-1.65565574002342	1.63627880466287	-1.01184207441014	0.311613569120385	NA	4	0	0	0	0.312656398037512	1>2	0.502279608205434	1	
LOC100859495	1.17873	53.2621	5.49781	3.09594	0.00055	0.0427004	-0.368723635093346	-0.96355859468235	0.783158812895231	1	28.7735652789082	-0.428464173169845	1.04936041485854	-0.408309830543402	0.683046222967294	0.975417386632062	45	14	25	26	0.0422643520582749	1>2	0.848495000903953	1	
BTG1	220.078	248.41	0.174707	0.167615	0.81115	0.999942	-7.55460224080259	-2.09961964630171	0.000678248519921783	0.158020880394417	11.5881688063729	-5.22573247935611	1.49545234367089	-3.49441592135828	0.000475100229559875	NA	12	33	0	0	0.951847412800066	1>2	0.0271273861379539	0.374734586659226	
TMEM132B	1.12408	19.7283	4.13345	3.21076	0.0001	0.0158072	-4.4546581660646	-2.76108574335617	0.0129902326402368	0.758737287277283	7.19110754219964	-3.43307607146841	1.49041827023112	-2.30343128505534	0.0212545892094956	NA	21	3	1	0	0.403867049304844	1>2	0.40293058623408	1	
DNAJC6	0.933824	19.1042	4.3546	3.32115	5e-05	0.00964066	-0.586144612403504	-2.9210646785761	0.707138723115024	1	5.83419868112533	-0.529848986178322	1.48868657465081	-0.355917085033567	0.72190266052344	NA	9	4	10	0	0.0529037884522269	1>2	0.842886479159265	1	
SMPD3	1.79665	28.1214	3.96828	3.09857	0.0003	0.0302517	-4.35151933674044	-1.64919845600009	0.00494410499368797	0.483479037868991	18.2072250306783	-3.56313343279509	1.37509912564075	-2.59118296736229	0.00956466240257343	NA	58	1	1	2	0.416347291375971	1>2	0.395383268454433	1	
TTC25	0.185245	1.34609	2.86127	0.229752	0.4468	0.999942	-4.84458167128009	4.73035358724139	0.000490378512828894	0.12748645288398	1689.14204787356	-4.20558219282723	1.22139726954748	-3.44325494880577	0.000574757206908713	0.0304621319661618	5469	50	129	91	0.372938286783075	1>2	0.423443336540719	1	
GAL3ST1	0.389752	39.9831	6.68069	4.71398	5e-05	0.00964066	-3.47401512765225	-3.42843753759663	0.0687609960099417	1	3.78625085513763	-2.28838258139664	1.63985567039297	-1.39547804280133	0.162871731570758	NA	12	0	1	0	0.175370834230892	1>2	0.664481618102662	1	
PLA2G5	1.20603	0	-inf	-nan	0.0006	0.0442336	-0.0694427670479043	-4.05373250469211	1	1	1.48220886866704	0.0090134313789152	1.67976871796724	0.00536587643435981	0.99571867058298	NA	0	3	0	3	0.049880350386448	2>1	0.844562092695487	1	
NKAIN2	0.149942	46.1885	8.26699	1.87137	5e-05	0.00964066	-7.16938778546296	-2.42722137351352	0.00146599959598754	0.236758934751988	9.81095869877245	-4.39563090346162	1.59551258758052	-2.75499606689238	0.00586928410151718	NA	33	0	0	0	0.499846634419231	1>2	0.323214415675533	1	
GLDC	3.269	37.797	3.53135	2.76903	0.00025	0.0272453	-3.5879398222333	-3.35874657494568	0.0583818468369327	1	4.08355263388831	-2.38832094235254	1.63251332375649	-1.46297179177497	0.143475097744676	NA	13	0	1	0	0.183234029655768	1>2	0.650711581125869	1	
FRMD5	0.182329	6.90835	5.24373	3.62067	0.0002	0.0238721	-1.16700109736397	-2.64235689884574	0.436614076738277	1	7.85368348136434	-0.949642539379928	1.50000139778513	-0.633094436299957	0.526671975316303	NA	18	1	0	9	0.0255925380308945	1>2	0.858165132415829	1	
CLEC18A	0	9.89968	inf	-nan	5e-05	0.00964066	-4.47898097199106	-4.14153355272884	0.160681620216045	1	1.43225400777135	-2.18038940873466	1.67870392246834	-1.29885287068886	0.193994426256937	NA	4	1	0	0	0.449982873494687	1>2	0.356099319027366	1	
SIX3	0	8.94059	inf	-nan	5e-05	0.00964066	-4.32858964611744	-1.6939157232312	0.00565198572098348	0.520773617339794	17.580228253186	-3.55894802167426	1.37636798792726	-2.58575326721588	0.00971664579310641	NA	56	1	2	1	0.432830742104076	1>2	0.372835465276709	1	
LOC428824	0.173332	7.20791	5.37797	2.73644	0.00065	0.0473232	-4.15735522405037	-4.26711166832168	0.231992438281397	1	1.08069734303862	-1.85559549408511	1.66099997085903	-1.11715564517767	0.2639277816707	NA	2	2	0	0	0.420306050550637	1>2	0.381522723088684	1	
MSI2	9.09578	15.6896	0.786539	0.841007	0.22465	0.999942	-4.47766195474326	1.76239398353925	0.00115110583721676	0.219100662837384	213.260428003771	-4.0002198052825	1.14984838350278	-3.47891066567979	0.000503456388805294	0.0280399609087152	670	24	17	18	0.563300823549531	1>2	0.279251549574587	1	
CHFR	4.56905	6.26948	0.456453	0.127746	0.6938	0.999942	-9.19452117297281	-0.603378527148165	2.19269414910045e-05	0.0150786625388785	39.9187205874136	-6.35447856753169	1.45141530227938	-4.37812565263179	1.19704333489771e-05	0.00218526911026326	131	4	0	0	0.782401942026024	1>2	0.133440277348603	0.999999999993372	
PTEN	69.2233	66.2709	-0.0628828	-0.062822	0.933	0.999942	-7.48490720886762	-2.16060835622079	0.000822172118502422	0.177041062850855	11.6185965318158	-5.234695830909	1.49375554646159	-3.50438587043841	0.000457661690184959	NA	26	16	0	0	0.949376479471645	1>2	0.0295894851256915	0.436312390297856	
TMEM125	1.09017	65.6073	5.91123	4.12899	5e-05	0.00964066	-4.05238017970162	-3.05277438751579	0.0286177100320572	1	5.57006152764171	-2.79860906122614	1.60051419252552	-1.74856872516081	0.0803655963134106	NA	18	0	1	0	0.217471653494217	1>2	0.612858331690962	1	
TCFL5	0.501978	1.45725	1.53755	0.115438	0.4623	0.999942	-5.8632673612188	4.00377699276316	5.99036683627079e-05	0.0277614435251349	1022.73684582822	-4.84868966787793	1.30993664886534	-3.70146882452511	0.000214354996738019	0.015312402593068	3383	6	25	40	0.541339634581959	1>2	0.292930513530183	1	
MIR181A-1,MIR181B-1	2.28623	31.8799	3.80161	2.62713	0.0005	0.0396968	NULL	NULL	NULL	NULL	NULL	NULL	NULL	NULL	NULL	NULL	NULL	NULL	NULL	NULL	NULL	NULL	NULL	
GRID2IP	0.0214646	2.07063	6.59197	3.73586	0.0045	0.154515	-7.17558725081511	-0.3771424461794	5.47015961597624e-05	0.0259139694874181	47.1923105527369	-1.52001664075423	1.60662985191621	-0.946090127070227	0.344102619004901	0.929560699080556	158	0	1	0	0.456949953839701	1>2	0.35226982725565	1	
ACBD7	5.24585	411.536	6.2937	3.14108	5e-05	0.00964066	-5.59241391233782	-3.57166759294619	0.0264941369039545	0.98811305210712	3.21606468027543	-3.25057567064817	1.6577397650427	-1.96084798060234	0.0498967590537982	NA	10	1	0	0	0.513687576368298	1>2	0.318178840265756	1	
ABLIM2	2.05013	26.9691	3.71752	2.93073	0.0002	0.0238721	-2.55761390242395	-3.36922051243118	0.136225465634497	1	3.85264726132073	-1.86968747772062	1.55564322809288	-1.20187421123077	0.229412267418634	NA	8	4	0	2	0.262226994978538	1>2	0.538009121056518	1	
ASTN1	0.319491	4.94597	3.95241	3.02734	0.0001	0.0158072	0	-4.86885619464601	1	1	0	NA	NA	NA	NA	NA	0	0	0	0	0.0684562146450628	1=2	0.770378897928784	1	
LOC101747699	0	16.4984	inf	-nan	5e-05	0.00964066	-4.18140004018805	-4.25726897815514	0.231992438281397	1	1.18920711500272	-1.65565574002342	1.63627880466287	-1.01184207441014	0.311613569120385	NA	4	0	0	0	0.312656398037512	1>2	0.501190462582539	1	
LOC101748762	0.0970394	2.19152	4.49722	1.59262	0.2938	0.999942	-7.6813705556878	1.48720569729569	4.55464634949865e-06	0.00511031320413748	177.263676662292	-6.05607014889061	1.36165049955718	-4.44759514343812	8.68369999947429e-06	0.00193870578887391	593	1	1	2	0.770409784519466	1>2	0.138293603408072	0.999999999999477	
LOC101750931	0.454034	0.596752	0.39433	0.31519	0.6625	0.999942	6.77631147498037	-2.72396044419368	0.00328695678727169	0.391460026765686	6.63179477367285	4.33717514194389	1.56614074108518	2.76933932447135	0.00561701016641637	NA	0	0	20	9	0.930361479055415	2>1	0.0411061535697235	0.70595038578051	
HS3ST5	0.67655	13.779	4.34813	3.15615	0.0002	0.0238721	0.415376347550223	-2.83310429789078	0.862232408075352	1	6.22980021546613	0.275096200388704	1.33156271358151	0.206596503178417	0.836324991410859	NA	6	4	9	6	0.0335243100679746	2>1	0.853245722523531	1	
SMOC1	27.6878	19.8824	-0.477758	-0.372383	0.6043	0.999942	-4.88478160993591	-0.318270683992666	0.0010960505416772	0.212414594977041	48.8081107917618	-4.26825333269208	1.21839145349219	-3.50318719033877	0.000459726267696629	0.0260458709595021	153	8	4	2	0.556136063815495	1>2	0.284046986687403	1	
BCL9	6.13015	5.6975	-0.105593	-0.113481	0.87425	0.999942	-6.26336811831595	-3.12599309619031	0.00844418376431553	0.652221411187241	4.86313804367378	-4.01918354233324	1.59811137650658	-2.51495834484268	0.0119046448359619	NA	9	9	0	0	0.934090390444251	1>2	0.0368167954569766	0.610417114149661	
TMEM88	0.286897	52.1496	7.50598	4.95501	5e-05	0.00964066	-1.14799111803992	-0.988193774819381	0.361732251081616	1	28.488399008146	-1.12634505620546	1.04816988460181	-1.07458253929261	0.282561672672532	0.910410607083602	53	18	21	15	0.0741891148441773	1>2	0.747690981323812	1	
TTYH2	4.56482	48.7542	3.4169	2.8131	0.0005	0.0396968	-4.18140004018805	-4.25726897815514	0.231992438281397	1	1.18920711500272	-1.65565574002342	1.63627880466287	-1.01184207441014	0.311613569120385	NA	4	0	0	0	0.312656398037512	1>2	0.50128171412145	1	
GPR144	0.456818	9.52028	4.38131	3.27274	5e-05	0.00964066	-0.915482013166182	-3.62173712384428	0.724990867997027	1	2.7167492818533	-0.678406136808946	1.56602438099357	-0.433202793674596	0.664867449497669	NA	2	5	3	1	0.0463408442680209	1>2	0.846505982908345	1	
PLP1	1.74151	9826.19	12.4621	0.812918	0.2109	0.999942	-9.84760343204317	0.0241524824750323	5.38831687575637e-06	0.00574340695786872	63.0279770951442	-1.56305085082123	1.60684461441909	-0.972745489386543	0.330679810724931	0.927967192041103	212	0	0	0	0.723636236782303	1>2	0.165169400908918	1	
CCDC13	0.66282	0.756817	0.191329	0.030184	0.94505	0.999942	-7.74240229884676	1.893475276063	3.31494686667004e-06	0.00441675233147949	235.34127738569	-6.40689534222446	1.28551290201707	-4.98392146214287	6.23083786216903e-07	0.000357583989336008	782	8	3	1	0.803610743431689	1>2	0.117967199401909	0.999999991438225	
LOC100857799	0.398721	20.4321	5.67931	3.93243	0.0006	0.0442336	-1.77528330233407	-3.76244081981207	0.396123286651819	1	2.31188348158528	-1.13136623276763	1.64021528757464	-0.689766911294045	0.490340780071414	NA	2	5	0	2	0.127926444401801	1>2	0.695208972439338	1	
SNCA	2.27626	29.811	3.71111	3.39287	0.0001	0.0158072	-1.32657829774164	-3.96053827572214	0.614689668902653	1	1.684886704093	-0.746758229917398	1.67641498818813	-0.445449506941294	0.655994941851455	NA	0	5	1	1	0.0896839664190179	1>2	0.727550285673488	1	
EDIL3	0.47398	78.0568	7.36356	4.48858	5e-05	0.00964066	-6.45130432195832	-2.99094435954741	0.00648934356091684	0.551080943468262	5.94603557501361	-3.76945784764402	1.63516815812188	-2.30524171408373	0.0211530398467455	NA	20	0	0	0	0.460662661092284	1>2	0.350865593359796	1	
LCAT	3.57355	129.809	5.18289	4.07	5e-05	0.00964066	-3.62934315228459	-2.66545796682744	0.0262534336473986	0.98811305210712	7.93458992900778	-2.60595038461782	1.5565840450116	-1.67414691996178	0.0941017284101639	NA	25	0	0	2	0.148603543566113	1>2	0.682994758747267	1	
HSF2	15.4536	18.2486	0.23984	0.266117	0.70625	0.999942	-9.41300664748214	-0.394715451025567	1.36649607849977e-05	0.0116523853605833	46.5136146059107	-6.45391476996551	1.45243254231938	-4.44352118388871	8.84984383235199e-06	0.00193870578887391	154	3	0	0	0.780429920931593	1>2	0.134397764551613	0.999999999995959	
KIN	8.21311	10.0709	0.294193	0.290244	0.6835	0.999942	-4.93840732492276	-0.781416791452809	0.0012628301851858	0.226227007460428	34.9119894928997	-4.21675280608985	1.27520436145902	-3.30672708903321	0.000943928058199926	0.0443106799892137	111	4	2	2	0.570565242101675	1>2	0.272800681919934	1	
LOC101747521	0.0175989	0.724538	5.36351	0.229055	0.28545	0.999942	-9.91032669780904	5.69156632441976	1.10451656307292e-08	6.86255217459112e-05	3305.37805320821	-7.28896440679102	1.41085771672227	-5.1663355704818	2.38728025804053e-07	0.00019611507319803	11107	1	8	5	0.992527515730576	1>2	0.00519604994425454	0.0206335408665478	
TPD52L1	0.180924	53.3029	8.20269	5.18714	0.0006	0.0442336	-4.16938509494277	-4.26218803186408	0.231992438281397	1	1.13495222902067	-1.88972836046624	1.66349289771213	-1.13600025768987	0.255956456455428	NA	3	1	0	0	0.395490778207492	1>2	0.408976342799383	1	
FAM124A	0.114418	6.79972	5.89309	4.09579	0.0003	0.0302517	0.750302114935206	-4.39989445981519	1	1	0.79934723899145	0.268494949588543	1.60860460495048	0.16691171264974	0.867439517073558	NA	1	0	0	2	0.0673554142456103	2>1	0.830371575693674	1	
HPCA	0	1.07526	inf	-nan	0.00045	0.0377785	0	-4.86885619464601	1	1	0	NA	NA	NA	NA	NA	0	0	0	0	0.0684562146450628	1=2	0.779593463951016	1	
NKX6-2	0.615859	54.9926	6.48049	4.40002	0.0001	0.0158072	-5.30695433023641	-3.73829124619649	0.0403044200554002	1	2.62146112277407	-2.97790104813257	1.6706838201916	-1.78244441715551	0.0746767876992131	NA	8	1	0	0	0.49663852322616	1>2	0.325179351708341	1	
AJAP1	0.282167	9.22449	5.03085	3.70436	5e-05	0.00964066	-5.04354398096017	-1.56722186604585	0.00206883497411966	0.300971110753315	19.4645728603025	-1.37677313268248	1.60550035558817	-0.857535239958327	0.391149147805929	NA	64	0	2	0	0.245414120633975	1>2	0.576658614350226	1	
IGSF11	0.611695	29.0185	5.56802	4.08124	5e-05	0.00964066	-6.66523900756015	-0.859388214469449	0.000162048335618639	0.0585516342155618	33.1106171794909	-5.23200670586198	1.40004361458792	-3.73703122627501	0.000186205806399707	0.0135971617739875	109	2	1	0	0.506869998895318	1>2	0.320141232058837	1	
GPC5	0.942323	12.4584	3.72476	2.66466	0.00015	0.0207236	-0.0929479481914685	-2.53948054434804	1	1	7.96016741019785	-0.0840360452694578	1.28910629191591	-0.065189384146563	0.948023213374587	NA	4	12	5	11	0.022817507050317	2>1	0.859570449436775	1	
C24H11ORF1	0.0348157	0.414722	3.57434	0	1	1	-9.00307510021028	-0.785026026564798	3.29470871194805e-05	0.0191221601122257	35.0816098925803	-1.55766908042756	1.60627068051019	-0.969742584066095	0.332174818483939	0.927967192041103	118	0	0	0	0.622349193287753	1>2	0.237282982779587	1	
CCL19,LOC100857191	236.206	9.31586	-4.66421	-3.87406	5e-05	0.00964066	NULL	NULL	NULL	NULL	NULL	NULL	NULL	NULL	NULL	NULL	NULL	NULL	NULL	NULL	NULL	NULL	NULL	
GCHFR	3.59087	71.108	4.30761	3.95342	0.0001	0.0158072	-1.56208640820463	-0.580524998055195	0.210077326353446	1	39.232087980376	-1.49116828349501	1.10973841125122	-1.3437115164949	0.179041691782831	0.865449641808506	92	11	18	21	0.109094914080679	1>2	0.707578412634038	1	
ETNK2	0.490526	18.3116	5.22228	3.60519	0.00015	0.0207236	1.90507331950716	-3.65110724894345	0.323651901537197	1	2.55093903667523	1.27808751182178	1.62299569335919	0.787486693311217	0.430997015006708	NA	0	2	6	3	0.191287739889434	2>1	0.623502800662219	1	
CA10	0.840628	12.0152	3.83725	2.87397	0.0005	0.0396968	-1.32675549658938	-3.9398767182357	0.614689668902653	1	1.88004458203007	-0.836428863813361	1.66360651768496	-0.502780468170634	0.615118627380531	NA	3	2	0	2	0.0803664308001929	1>2	0.737324838868169	1	
GLRA1	0.0231738	4.25315	7.5199	3.12871	0.06705	0.752212	-8.96868671489137	3.8914789222516	1.45054076836446e-07	0.000441751829999909	947.587591329562	-6.87260623946894	1.38146516925115	-4.97486754819478	6.52922682902024e-07	0.000357583989336008	3181	1	4	3	0.952059767582189	1>2	0.0258133110715801	0.343103311589176	
GLRA4	0.516428	78.4235	7.24658	4.93936	5e-05	0.00964066	-3.78979592917589	-4.38829890060393	0.35157968529247	1	0.891905336252041	-1.34039486038287	1.58298412107545	-0.846751930444022	0.397133406669625	NA	3	0	0	0	0.285433014296754	1>2	0.524885729598891	1	
SHISA9	0.346592	8.64552	4.64064	3.54719	5e-05	0.00964066	-1.36586890386819	-0.680951505014003	0.27393458002197	1	35.9132891771871	-1.3260657252739	1.0322849823723	-1.28459267345579	0.198934660254688	0.878062979929778	71	22	18	22	0.0763342141332357	1>2	0.745509937778767	1	
TMSB10	1.33871	51.3409	5.26119	4.44273	0.0002	0.0238721	0.566380569270397	-2.66629081148508	0.76083476824295	1	7.09875094282509	0.374973688780402	1.46493374195692	0.255966313042592	0.797976849255847	NA	5	6	19	0	0.119245152291888	2>1	0.701218619326227	1	
CCNI2	2.3697	5.24123	1.1452	0.977461	0.17395	0.999942	-4.46652035069922	3.19062764194022	0.0011230757257204	0.215691246134303	577.308964187139	-4.01125126059556	1.13350726367227	-3.53879625579119	0.000401955963560437	0.0249382628675553	1813	65	57	40	0.484021153343101	1>2	0.335844655720574	1	
LOC101751901	0.314144	8.20682	4.70733	3.38587	0.0003	0.0302517	-0.143137217818286	-4.54854585652406	1	1	0.515931288880149	-0.125651519786054	1.55975345517485	-0.0805585776195435	0.935793009360422	NA	1	0	1	0	0.0570873526554954	1>2	0.840029534604512	1	
CD79B	13.3322	1.58091	-3.07609	-2.57961	0.00055	0.0427004	0.979095352307499	2.21692723614139	0.416326729727992	1	266.524424070364	0.883955275148407	0.835525655681937	1.05796305491893	0.290072286137049	0.913005299086534	119	229	441	315	0.0327393721021401	2>1	0.85381166967134	1	
LOC769726	0.317696	310.644	9.9334	4.34887	5e-05	0.00964066	-7.25162865608611	-2.35887324843939	0.00125587167928379	0.226227007460428	10.3513073702918	-4.71979421134814	1.55991367703884	-3.02567653635018	0.00248077538030313	NA	34	1	0	0	0.620223179377419	1>2	0.238790279455324	1	
ABHD3	5.45059	124.47	4.51324	3.09422	0.00025	0.0272453	-7.79193574109912	-1.8951215507415	0.000426988897372042	0.116699350181759	15.0538809443206	-5.23527930408911	1.51966544327779	-3.4450209598746	0.000571015112026674	NA	49	2	0	0	0.692194129092676	1>2	0.202915580440069	1	
ERMN	NULL	NULL	NULL	NULL	NULL	NULL	-9.66670234522634	-0.150765394570532	7.97904524206339e-06	0.00773169483955943	55.5954326263772	-1.56214141790783	1.60674804584544	-0.97223794480227	0.330932187506219	0.927967192041103	187	0	0	0	0.699808486586563	1>2	0.196397932255344	1	
PCDH9	0.169236	24.0812	7.15273	4.87382	5e-05	0.00964066	-3.56478324681293	-1.27264564199462	0.0129845782078424	0.758737287277283	24.1464048639575	-3.06305274914803	1.29207454087504	-2.37064708903994	0.0177569769259817	0.301732423907325	74	2	3	4	0.379905794503186	1>2	0.420484216379951	1	
CRMP1	4.07863	115.444	4.82297	3.43541	0.00015	0.0207236	-2.85290762431263	-2.86118628233056	0.0749885615492815	1	6.60192410540201	-2.09160269168966	1.57348682719213	-1.3292788064976	0.183756003701316	NA	20	0	3	0	0.0959578495862895	1>2	0.721320204515759	1	
ZIC4	0	2.35746	inf	-nan	0.10425	0.912742	-9.3488889048931	-0.456129744256329	1.58760192258953e-05	0.0125349991799125	44.595266812602	-1.56024742444844	1.60654637651509	-0.971181067198892	0.331458120147251	0.927967192041103	150	0	0	0	0.659965936446498	1>2	0.216983409684986	1	
ABCC5	15.6567	12.5069	-0.324054	-0.250903	0.7037	0.999942	-5.1993462236489	2.92420632113934	0.000245422200555787	0.0769398598742391	481.426981127226	-4.56028750151408	1.18764799767754	-3.83976355825276	0.00012315285858504	0.0103764177771908	1558	28	27	22	0.730572795307502	1>2	0.163829707254546	1	
SCYL3	10.2934	7.53751	-0.449556	-0.452494	0.5477	0.999942	4.01682611749768	0.967369415772596	0.00322830092093004	0.38978485583501	110.156739004721	3.67501905797097	0.938818339186809	3.91451562519989	9.05858718392982e-05	0.00826847707955372	5	20	236	208	0.91523681181024	2>1	0.0534830941520375	0.907276547431108	
CA8	2.88884	33.2206	3.52352	2.65929	0.0004	0.0363648	-2.39133366398434	-4.69097115208869	1	1	0.29730177875068	-0.9865091419568	1.49489508991414	-0.659918644868557	0.509306038578136	NA	1	0	0	0	0.176503331241363	1>2	0.657594129147905	1	
OGT	125.055	191.25	0.6129	0.415652	0.5552	0.999942	-4.99762802649326	-1.07699736593885	0.00137580141470929	0.230939642195061	26.4686191965105	-4.43204535434246	1.14432578683921	-3.87306255378935	0.000107476227984135	0.00954505095015854	49	46	1	2	0.949588867485433	1>2	0.0284209276033213	0.406254924267923	
C12H3ORF14	2.90342	3.93223	0.437595	0.21128	0.7183	0.999942	-6.37255209536576	-0.344167581745421	0.000130969109435794	0.0489824469289869	48.3028453991185	-1.48383836037558	1.60667437844297	-0.923546413812591	0.355722524437265	0.934797473730689	161	0	2	0	0.347346213507641	1>2	0.450455037277736	1	
NBR1	23.4613	30.7201	0.388903	0.14945	0.68385	0.999942	-4.45143593264947	0.530094363737597	0.00148003247749815	0.237228062821847	89.2550785334272	-4.00413034082022	1.13440086897837	-3.5297313765515	0.000415981790767771	0.0249382628675553	273	19	9	6	0.556700737261267	1>2	0.282287198601985	1	
TXNL4A	36.6558	36.7433	0.00344023	0.00269584	0.99695	0.999942	8.83824642038588	-0.932781989010991	4.70843324179194e-05	0.0244815560606148	28.0171683150367	6.28031046129111	1.40379387359834	4.4738124160585	7.68371557841138e-06	0.00193870578887391	0	0	65	55	0.99604849258382	2>1	0.00296861057127662	0.00592937458003706	
LOC426545	1.38636	47.2205	5.09004	3.73226	0.0001	0.0158072	-4.95117536859714	-3.92620081204135	0.0858272047030279	1	2.02685756527271	-2.63452078910262	1.68089700320766	-1.56733029095486	0.11703750860861	NA	6	1	0	0	0.485871415278546	1>2	0.332916613118346	1	
NRCAM	0.624054	19.2971	4.95057	3.58027	5e-05	0.00964066	2.24819644616605	-4.70864358526676	1	1	0.218629510129469	0.879150054330316	1.46913202996556	0.59841459882331	0.549563327107046	NA	0	0	1	0	0.188554256352904	2>1	0.63876764447725	1	
KIAA1109	7.1272	8.78514	0.30173	0.321457	0.64745	0.999942	-6.08654464249477	-3.24963335422001	0.0112517582730702	0.729072896247143	4.21427960019037	-3.8071795382091	1.61555348508379	-2.35657907544401	0.018444140269897	NA	6	10	0	0	0.920442818311632	1>2	0.0478013293226142	0.830321274800085	
ANKRD34B	0.397458	0.669275	0.751797	0.581941	0.425	0.999942	-6.06575322568022	1.55229068005687	6.36858508146559e-05	0.0285162821518209	185.062649377812	-5.17228488520217	1.24288388333835	-4.1615189918704	3.16137700469346e-05	0.00371010172765097	607	9	3	7	0.582510084276179	1>2	0.269745601378971	1	
FAM171B	1.27616	29.5121	4.53143	3.202	0.0003	0.0302517	-2.64668852223313	-1.04195535844138	0.0443897750535515	1	28.1039260879105	-2.4321916066881	1.12436120285965	-2.1631763889595	0.030527615538743	0.416239604399625	72	13	7	8	0.300431674162125	1>2	0.513355928332486	1	
SGK2	0.219104	54.1701	7.94973	4.43967	5e-05	0.00964066	-3.25231317652939	-4.53198072071386	0.567719790194979	1	0.594603557501361	-1.17271869427362	1.54547192841158	-0.758809443714012	0.447966555604945	NA	2	0	0	0	0.235919762540653	1>2	0.588556516237133	1	
B4GALNT3	0.789866	0.818163	0.0507798	0.0147596	0.9593	0.999942	-4.42061101116315	1.93086536256611	0.00130552910604914	0.230936991795283	240.13840087845	-3.91360281057046	1.18246888337935	-3.30968777747948	0.000934000930592567	0.0443106799892137	760	19	30	12	0.256614680844008	1>2	0.540515606708067	1	
DOPEY1	5.67096	7.00781	0.305371	0.262689	0.7156	0.999942	6.64380393661147	-2.82683657046513	0.00405915249776129	0.434839261041583	6.07308590325719	4.22945576584652	1.57440173785895	2.68638916239906	0.00722289077632573	NA	0	0	14	12	0.963130400155256	2>1	0.0185129805193624	0.186403065689396	
ARSJ	7.42169	10.3268	0.476569	0.500925	0.47825	0.999942	-6.40202830873311	-3.0250701992342	0.00648934356091684	0.551080943468262	5.24072205724694	-4.1253449525395	1.58953012433405	-2.59532354208629	0.00945019141642469	NA	7	13	0	0	0.934673614291327	1>2	0.0356045948695278	0.582928065810575	
CYLD	6.34794	5.87704	-0.111199	-0.0971857	0.8873	0.999942	-5.72034194112327	1.01083342572349	0.000118481999761659	0.0451035584092688	126.193885588666	-4.97050480145795	1.21216921458025	-4.10050407292279	4.12251179858671e-05	0.0046120588707812	407	13	7	2	0.519772062773086	1>2	0.309817045275633	1	
CTNND2	0.70436	16.0858	4.51333	3.34861	5e-05	0.00964066	-0.173724370183366	-0.815514781994307	0.893508401879164	1	31.2096898159052	-0.212069619530908	0.99692971266163	-0.212722739464469	0.831543229148989	0.981225229916991	29	34	46	17	0.0184537055157023	1>2	0.861773626099535	1	
NT5DC1	15.2067	14.2827	-0.0904338	-0.0491932	0.92355	0.999942	-8.15186202467739	3.5202669345037	6.24564800814545e-07	0.00133144724237645	732.007907048233	-2.09438065331343	1.66450144835238	-1.25826304049573	0.208296642913004	0.883427335465467	2454	1	10	0	0.394816915732089	1>2	0.410797936867285	1	
DNAJC7	12.7521	53.7877	2.07654	0.0319226	0.2711	0.999942	-6.03655115908677	4.42159553571326	4.08762674474618e-05	0.0217850067361248	1366.76263847561	-5.09737251002283	1.26609765701149	-4.02605003002274	5.67216255347577e-05	0.00601249230668431	4520	19	46	33	0.692004234030211	1>2	0.203211580962688	1	
WASF1	0.834368	12.5366	3.90932	3.03264	0.0002	0.0238721	-3.79194287558949	-3.22858315034549	0.0430626619536463	1	4.67815619138967	-2.56824580274533	1.61873779950704	-1.58657307164103	0.11260937032384	NA	15	0	1	0	0.197633643558042	1>2	0.621097899236177	1	
LOC418109	0.452235	13.3667	4.88543	3.45419	5e-05	0.00964066	-2.45665674578858	-3.92668222322683	0.294443257017772	1	2.03483340262447	-1.40706459339271	1.6809436432861	-0.837068273533561	0.402554192595196	NA	6	0	0	1	0.11442279411037	1>2	0.704256254539435	1	
LOC101750399	0	1.77783	inf	-nan	0.0005	0.0396968	-9.92302695234459	0.0981068324415299	4.53195012286747e-06	0.00511031320413748	59.856991636872	-7.30146742287939	1.34908650762679	-5.41215658269653	6.2270199663592e-08	0.000102309938047282	55	179	0	0	0.975839753494629	1>2	0.0131264088505215	0.100559781191821	
LOC101751131	0	3.56028	inf	-nan	5e-05	0.00964066	0	-4.86885619464601	1	1	0	NA	NA	NA	NA	NA	0	0	0	0	0.0681074772694774	1=2	0.829537660329197	1	
NFAT5	12.7013	11.0227	-0.204497	-0.223519	0.7561	0.999942	4.2753779980582	-0.0463517609524799	0.00217679226457886	0.313546334434406	53.2157906507405	3.74407083940831	1.08080858661689	3.46413868817224	0.000531932188353279	0.0286598885631408	4	6	198	29	0.740082118813968	2>1	0.159435904496107	1	
C1H13ORF15	3.69919	37.6468	3.34725	3.006	0.0006	0.0442336	-5.58627658970999	-3.57522491586404	0.0264941369039545	0.98811305210712	3.16180979429338	-3.29829387558346	1.65350317320623	-1.99473090165766	0.0460722371711353	NA	9	2	0	0	0.612812124900926	1>2	0.255865725485071	1	
LOC101751183	0.0805716	0	-inf	0	1	1	9.15930343438506	-0.632161421229221	2.38985730071745e-05	0.015920930605217	35.3942049469743	1.55599361914875	1.60619251408571	0.968746651166197	0.332671610254803	0.927967192041103	0	0	0	141	0.504913813339902	2>1	0.320579474033246	1	
FGF13	11.0083	9.63275	-0.192574	-0.166331	0.78365	0.999942	-10.1464290919344	0.314576617859021	2.80333122433441e-06	0.00398409433602407	77.4329995959814	-6.92251218621243	1.43693358743555	-4.81755889537442	1.45325202669363e-06	0.000654986359296547	258	3	0	0	0.830258005562037	1>2	0.102232655546772	0.999997681094136	
KCNJ12	0.383328	4.38788	3.51687	2.66316	0.00045	0.0377785	-4.18140004018805	-4.25726897815514	0.231992438281397	1	1.18920711500272	-1.65565574002342	1.63627880466287	-1.01184207441014	0.311613569120385	NA	4	0	0	0	0.312656398037512	1>2	0.502909077571955	1	
LOC101750328	3.5561	0.175175	-4.34343	-1.78248	0.12505	0.951042	7.2075189562706	-2.37880408729169	0.00135560237031337	0.230936991795283	8.98005597492212	4.7692011262564	1.52751687977012	3.12219209451494	0.00179509768790345	NA	0	0	25	14	0.966866924275272	2>1	0.0166773185868243	0.155257757226381	
TLCD2	1.94136	50.6122	4.70435	3.58822	5e-05	0.00964066	0	-4.86885619464601	1	1	0	NA	NA	NA	NA	NA	0	0	0	0	0.0684562146450628	1=2	0.811986868466051	1	
OFD1	4.89119	5.14109	0.0718891	0.00231895	0.9423	0.999942	-5.65599405521899	6.48908005629311	8.60039449508997e-05	0.0360208071416047	5726.90300766724	-4.91958156745092	1.20118508490282	-4.09560660491294	4.21064413035411e-05	0.0046120588707812	18733	237	270	163	0.503063262385102	1>2	0.321238209472661	1	
GADL1	0.278902	5.19927	4.22048	3.00932	0.0002	0.0238721	-0.104397620820469	-4.53812539950011	1	1	0.548324508871065	-0.0739725285754183	1.56232617322264	-0.0473476856774624	0.962236122999348	NA	1	0	0	1	0.057397918875324	1>2	0.839476772841348	1	
EGF	0.153967	20.9467	7.08795	4.66552	5e-05	0.00964066	0	-4.86885619464601	1	1	0	NA	NA	NA	NA	NA	0	0	0	0	0.0684562146450628	1=2	0.798282758024655	1	
LOC416752	0.709559	6.65136	3.22865	2.59034	0.00035	0.0328401	0.927026993553676	-3.50445592920603	0.621123232898455	1	3.13501104017681	0.576029384008082	1.55980625458716	0.369295470071405	0.711907501663098	NA	3	1	8	1	0.0631896662384714	2>1	0.834504994892209	1	
CLYBL	4.84838	5.42262	0.161486	0.137337	0.8454	0.999942	-14.8087734468336	4.94139180967088	9.65826915256963e-11	2.05894981794479e-06	1964.51589909851	-1.62631379699509	1.61574374434688	-1.00654191154086	0.314154961164492	0.926047025439773	6607	1	0	0	0.998014286273627	1>2	0.00198571372637346	0.00198571372637346	
RRP8	16.7961	8.80217	-0.932196	-1.00963	0.2817	0.999942	6.68939087171937	-2.79167633226283	0.00364633737441854	0.411283704486002	6.25932219339574	4.27041437979533	1.57098611874035	2.7183017907373	0.00656179573636615	NA	0	0	16	11	0.960667655772056	2>1	0.0227204537175318	0.276008015810854	
DOCK3	1.14578	12.4308	3.43952	2.80451	0.00045	0.0377785	-1.46647404248276	-1.75490115589742	0.263310363764492	1	16.1912477097466	-1.36799332319686	1.20664803884039	-1.13371362581546	0.25691469216166	NA	37	5	9	8	0.128300363239168	1>2	0.694802137721967	1	
GRIA4	0.614382	16.0393	4.70633	2.79831	0.0003	0.0302517	-4.47898097199106	-4.14153355272884	0.160681620216045	1	1.43225400777135	-2.18038940873466	1.67870392246834	-1.29885287068886	0.193994426256937	NA	4	1	0	0	0.449982873494687	1>2	0.35669721565885	1	
GABARAPL1	20.3183	116.632	2.52111	2.11594	0.0156	0.337506	-4.12086938812256	0.497888092878263	0.00271449943112706	0.35674864916192	84.7844165684239	-3.84809973459657	0.970500601364565	-3.96506682137649	7.33753892597237e-05	0.00730640997295309	203	83	8	10	0.724535595300009	1>2	0.16472103654477	1	
BAI1	0.458567	7.31955	3.99655	2.8903	5e-05	0.00964066	-3.10894135241424	-3.05577552651335	0.0685206415407986	1	5.52378247901142	-2.29523064889698	1.55736730148076	-1.47378890433532	0.140538436699142	NA	17	0	1	1	0.258762682002182	1>2	0.539544331108683	1	
SLC30A8	0.269583	5.79411	4.42579	2.77955	0.00035	0.0328401	3.10993073014248	-4.55470509367611	0.567719790194979	1	0.469652240249854	1.0874808824277	1.53165182891014	0.710005277897592	0.477700863253244	NA	0	0	1	1	0.24937440878594	2>1	0.573013683558649	1	
LOC768349	2.92442	0.742299	-1.97808	-1.52611	0.05825	0.711737	3.54151510282596	1.37763892262713	0.00742059985800248	0.601491816626984	147.543607370307	3.25548666371363	0.857000988152726	3.79869651111005	0.000145459074858584	0.0113804409520311	19	26	286	291	0.962348097760303	2>1	0.0214426159859616	0.246365816690999	
LOC408180	1.57271	59.2536	5.23558	3.52412	5e-05	0.00964066	-5.93161280189172	-3.35576032253267	0.0154253816753134	0.818005687946098	4.05371513054542	-3.63255743085473	1.63236003272937	-2.22534083046677	0.0260583664052616	NA	12	2	0	0	0.621939808600411	1>2	0.238187333156161	1	
LOC776593	0.723003	0.0579364	-3.64146	-1.84029	0.2469	0.999942	6.20610496010355	-3.14780325756948	0.00971596373371636	0.702118355509713	4.47789289236907	3.78983518062566	1.61159991085526	2.35159803317093	0.0186929631507928	NA	0	0	9	10	0.928991020955245	2>1	0.0421029144188912	0.72683054867474	
SORL1	2.11974	5.24101	1.30596	1.31538	0.06465	0.743638	-4.60855134283627	1.52406511158232	0.000963683564490078	0.193207147279085	180.884184427901	-4.01534628329371	1.22400138908855	-3.28050794638699	0.00103620345800415	0.0479572473662202	579	10	22	6	0.199844862575687	1>2	0.619665142219829	1	
MDGA2	0.251659	8.01569	4.99328	3.53184	5e-05	0.00964066	-4.18140004018805	-4.25726897815514	0.231992438281397	1	1.18920711500272	-1.65565574002342	1.63627880466287	-1.01184207441014	0.311613569120385	NA	4	0	0	0	0.312656398037512	1>2	0.503445224445183	1	
DLG1	19.1851	58.9783	1.6202	1.44528	0.04175	0.601433	-4.90005032268239	-1.2168587612837	0.00187045322676709	0.276905013112644	24.8154146557148	-4.2174103853825	1.26433215879624	-3.33568228573562	0.000850903484702258	0.0411186595695826	69	15	3	0	0.49904623900974	1>2	0.323868876425691	1	
LOC427533	0.0201759	7.80168	8.595	2.45761	0.0116	0.284662	-8.53598766740529	0.980475492078035	2.64452806988351e-06	0.00398409433602407	124.171609583172	-6.39765504192056	1.40433482279329	-4.55564793956708	5.22243440343539e-06	0.00171609194496887	416	1	0	1	0.674095532304317	1>2	0.208165366618867	1	
LDB3,LOC101750026	0.513056	8.56249	4.06084	2.168	0.00015	0.0207236	NULL	NULL	NULL	NULL	NULL	NULL	NULL	NULL	NULL	NULL	NULL	NULL	NULL	NULL	NULL	NULL	NULL	
LOC422179	2.5669	158.853	5.95152	4.09155	5e-05	0.00964066	-5.59853636613772	-3.56811451616341	0.0264941369039545	0.98811305210712	3.27031956625748	-2.9713381817486	1.67442704351493	-1.7745402484131	0.0759738307513053	NA	11	0	0	0	0.398057016097664	1>2	0.406825887513896	1	
OLIG3	0	57.9626	inf	-nan	5e-05	0.00964066	-4.9596893999381	-3.92197367561664	0.0858272047030279	1	2.08111245125476	-2.3599179574375	1.68145570227534	-1.40349695459955	0.160468699476035	NA	7	0	0	0	0.351606725111224	1>2	0.445761323279946	1	
GFAP	0.285305	248.384	9.76585	5.10921	0.00045	0.0377785	-5.10948897226577	-1.50891594591112	0.00182962760647033	0.276624122799536	20.3564781965545	-1.38398689584755	1.60558167729864	-0.861984734514458	0.388695918302476	0.948295949267919	67	0	2	0	0.249442475405039	1>2	0.571020758379245	1	
C17H9ORF174	0.114025	7.55959	6.05089	3.94057	0.00025	0.0272453	3.14163577891955	-4.54427482764808	0.567719790194979	1	0.50204546024077	1.1022412579887	1.53516200751939	0.717996701709528	0.472759320506424	NA	0	0	0	2	0.252730424514812	2>1	0.550311567281548	1	
IGDCC4	0.381858	7.38509	4.27351	3.24293	5e-05	0.00964066	-3.78979592917589	-4.38829890060393	0.35157968529247	1	0.891905336252041	-1.34039486038287	1.58298412107545	-0.846751930444022	0.397133406669625	NA	3	0	0	0	0.285433014296754	1>2	0.525945856997583	1	
MDGA1	0.401399	10.2367	4.67257	3.25549	0.00035	0.0328401	0	-4.86885619464601	1	1	0	NA	NA	NA	NA	NA	0	0	0	0	0.0684562146450628	1=2	0.802645196893151	1	
FAM135B	0.0592128	1.08255	4.19238	2.93886	0.00025	0.0272453	0.211641138911546	-3.96454240103709	0.999999999999997	1	1.79881659676083	0.028027925092249	1.67054951355366	0.0167776679858036	0.986613985755974	NA	3	0	3	1	0.0550515252983262	2>1	0.841896652208481	1	
CCDC169	0.141623	20.9559	7.20915	4.78366	5e-05	0.00964066	-3.23582605050831	-4.53749353363013	0.567719790194979	1	0.540348671519309	-1.15277382725461	1.54090985274269	-0.748112438377088	0.454392340067534	NA	1	1	0	0	0.232777332513267	1>2	0.591981153133888	1	
NINJ2	2.75408	185.145	6.07094	3.91028	5e-05	0.00964066	-0.7603156045931	-2.60193292486091	0.602722805164983	1	7.94179436108338	-0.729091913819937	1.32328317208727	-0.550971953092933	0.581652901155817	NA	15	3	8	4	0.0555258853403148	1>2	0.841628745271595	1	
WIPF3	2.11232	4.29704	1.02452	0.272149	0.435	0.999942	-6.39772221287109	2.08413135551684	2.5342034328624e-05	0.0163709541762911	268.755736560252	-5.40822888962096	1.26186763382025	-4.28589239050992	1.82007079575697e-05	0.00294585439985611	889	7	8	4	0.71778446136319	1>2	0.172019951170485	1	
NRBF2	19.4563	19.7878	0.0243755	0.0235663	0.97315	0.999942	-5.80427263505148	1.63350178398275	8.63918190654394e-05	0.0360208071416047	195.957169823678	-4.94862569131923	1.25098190974699	-3.95579316756075	7.6281138100142e-05	0.00737234764109019	644	6	7	6	0.719986022223891	1>2	0.170332907600584	1	
KIAA1210	1.46691	54.216	5.20787	3.56443	5e-05	0.00964066	-3.71133304711019	-2.63176710098595	0.0239712072494331	0.986521614176477	8.09098871580344	-2.99323338777142	1.4313482297154	-2.09119858161041	0.0365102664323448	NA	24	2	1	1	0.390509152749521	1>2	0.412756973684305	1	
PLLP	0	489.158	inf	-nan	5e-05	0.00964066	0	-4.86885619464601	1	1	0	NA	NA	NA	NA	NA	0	0	0	0	0.0684562146450628	1=2	0.785067543077462	1	
NCKAP5	1.06749	19.3046	4.17665	3.18554	5e-05	0.00964066	-2.30898600727149	-2.64054927548405	0.122811804068342	1	7.97401323590369	-1.92085915822232	1.41401549058159	-1.35844279713815	0.17432322205571	NA	22	1	2	3	0.186990675966844	1>2	0.649180663032886	1	
LOC424593	2.01245	636.87	8.3059	4.27615	0.00015	0.0207236	-5.62744189256334	-1.04108867814509	0.000620968135671181	0.150429530866344	28.9782297803242	-1.4331425828274	1.60612713055178	-0.892297101248169	0.372233707583404	0.936052244172182	96	0	2	0	0.282901441969735	1>2	0.528826667576768	1	
DCUN1D4	12.8913	20.4408	0.66505	0.637427	0.35625	0.999942	-6.08654464249477	-3.24963335422001	0.0112517582730702	0.729072896247143	4.21427960019037	-3.8071795382091	1.61555348508379	-2.35657907544401	0.018444140269897	NA	6	10	0	0	0.920442818311632	1>2	0.0486595956027698	0.843820435969465	
GABRG2	0.168313	8.39543	5.64038	3.9813	0.00025	0.0272453	2.24819644616605	-4.70864358526676	1	1	0.218629510129469	0.879150054330316	1.46913202996556	0.59841459882331	0.549563327107046	NA	0	0	1	0	0.188554256352904	2>1	0.641512300912738	1	
GPR137C	2.99692	33.1702	3.46834	2.86539	0.00025	0.0272453	-1.10305578795515	-4.05197125699472	0.779822667944377	1	1.62646613526166	-0.679650781139694	1.68200085644019	-0.404072791364753	0.686159192332837	NA	4	0	2	0	0.0665208271064798	1>2	0.831150483574161	1	
MAPK8IP1	3.9274	65.3628	4.05683	3.17342	0.0002	0.0238721	0.276551633665376	-3.96943830349452	0.999999999999997	1	1.6684451588056	0.189522451947518	1.67269466151207	0.113303674787958	0.909789803944239	NA	0	3	2	2	0.0506113611517371	2>1	0.844082858678395	1	
C14H16ORF73	0.238057	6.54497	4.78101	3.20623	0.00025	0.0272453	-1.7833421017469	1.01367060071848	0.148789114762035	1	122.732019678496	-1.6948867520646	1.06730081483373	-1.58801223470315	0.112283572566752	0.745982483448266	291	43	26	80	0.0179426365650029	1>2	0.862058172618579	1	
FRMPD4	0.346783	0.583048	0.749583	0.54407	0.44085	0.999942	6.33103893116116	-1.04544831182331	0.000250120754760458	0.0772764384055573	25.563652717226	5.12775037897395	1.30990739313686	3.91458999761382	9.05579561976146e-05	0.00826847707955372	0	1	94	19	0.803686544433478	2>1	0.117426357628348	0.999999989345868	
EVC	4.73474	6.81582	0.525603	0.538931	0.4528	0.999942	-8.80309145757687	-0.973208758134069	5.11077592530776e-05	0.0248450482786189	30.3508087814098	-6.11899660766149	1.4578514368732	-4.19727034792071	2.70151374092666e-05	0.00362861166790945	98	5	0	0	0.785168818213636	1>2	0.132962108140504	0.999999999991529	
LOC425015	16.3195	16.1536	-0.0147438	-0.016205	0.9802	0.999942	-5.43360074704452	0.433152294645907	0.000304774568339885	0.0928169178267096	83.8758348557027	-4.70546811825528	1.22217942550513	-3.85006327226505	0.000118087315304262	0.0102114452128896	270	8	3	4	0.629187374874528	1>2	0.230803616291532	1	
LIN7A	1.44295	16.088	3.47889	2.79649	0.0004	0.0363648	-1.86429690983809	-3.76512618792329	0.396123286651819	1	2.4098616995496	-1.30077760848106	1.63584542916069	-0.795171466260386	0.426513767367855	NA	5	2	2	0	0.122965354598325	1>2	0.698730406990138	1	
FGFBP3	0	2.40652	inf	-nan	0.0006	0.0442336	0	-4.86885619464601	1	1	0	NA	NA	NA	NA	NA	0	0	0	0	0.0684562146450628	1=2	0.806543383110626	1	
GRIK3	0.358596	6.91013	4.26828	3.0767	0.00035	0.0328401	-5.11329896056126	-2.23939083788598	0.00379566274754433	0.419253567109585	11.2448226727451	-4.0720379876869	1.42470536748401	-2.85816147016981	0.00426103502347671	NA	33	5	1	0	0.526123164120394	1>2	0.306184107749996	1	
C20H20ORF123,SLC13A3	0.110546	48.9428	8.79031	3.73651	0.00025	0.0272453	NULL	NULL	NULL	NULL	NULL	NULL	NULL	NULL	NULL	NULL	NULL	NULL	NULL	NULL	NULL	NULL	NULL	
CCDC67	0	10.4187	inf	-nan	5e-05	0.00964066	-4.94264116207099	-3.93043267545366	0.0858272047030279	1	1.97260267929066	-2.65247091075506	1.68030143927991	-1.57856849297931	0.114435066232517	NA	5	2	0	0	0.615142476208763	1>2	0.251007805954031	1	
TMEM117	2.19131	39.7415	4.18078	3.2083	0.0001	0.0158072	-0.75067010999309	-2.68152906542497	0.646297106207291	1	7.21937508227481	-0.681474578037141	1.28802943717931	-0.529083077114696	0.596747820334067	NA	9	8	5	6	0.0298081618953475	1>2	0.855709277879492	1	
TNR	0.437304	40.9054	6.54751	4.08322	5e-05	0.00964066	0.399576951450886	-4.16121736152797	1	1	1.3152785278716	0.148469579196647	1.6825655395592	0.0882399976143238	0.929685927785823	NA	2	0	1	2	0.0622478435226785	2>1	0.83492410732636	1	
LOC418472	4.85272	18.5938	1.93796	0.686338	0.077	0.802758	-7.70950023581174	0.136040747534426	1.72556357607454e-05	0.0131377015409847	68.1379721860891	-6.04537390080359	1.37430856115535	-4.39884758901696	1.08827217544648e-05	0.00210356609912772	226	3	1	0	0.627306900428182	1>2	0.233910100313871	1	
PINK1	53.3243	95.8426	0.845874	0.906343	0.237	0.999942	-7.38231299838938	-2.24653377896468	0.00100902651401539	0.199170622460927	10.2101696845836	-5.0345510812484	1.51324469452473	-3.32699073683495	0.000877892917113979	NA	9	31	0	0	0.923668957735161	1>2	0.0450209076454353	0.783239230919518	
LOC101747768	0.529805	75.6793	7.15829	1.57494	0.26115	0.999942	-4.41183179866743	6.12453029450662	0.00117719142312686	0.220134796124723	4432.34406072121	-3.91873733482664	1.16749385160657	-3.35653787763775	0.00078924909215462	0.0398995771818474	14073	284	429	341	0.357028966601226	1>2	0.442562162078431	1	
NELL1	0.316863	5.83399	4.20255	3.08031	0.0001	0.0158072	-2.74151585714868	-0.655807834240488	0.0374867247916824	1	37.986345785223	-2.38886426042989	1.28620863303037	-1.85729142153371	0.0632697042292051	0.583735954038187	112	1	10	9	0.290783294343408	1>2	0.517577620636749	1	
DLK2	0.441777	9.68138	4.45382	3.22717	0.0004	0.0363648	-0.0019511756143802	-3.01381305756867	1	1	5.21437918299323	-0.036559769505672	1.37444389589334	-0.0265996812346491	0.978779027508671	NA	4	6	6	5	0.0215080574006812	2>1	0.860272805501617	1	
MEF2BNB	28.2175	37.8944	0.425397	0.288663	0.60775	0.999942	-4.89896997043224	3.05004077019176	0.000459121240102892	0.120833908598931	525.531994483654	-4.26857856172257	1.21000941971349	-3.52772341452789	0.000419149876778085	0.0249382628675553	1699	21	31	34	0.599622670644144	1>2	0.258891823897466	1	
LOC101748574	0.0158251	0.498739	4.978	1.14301	0.4257	0.999942	-6.72125731696823	3.4900455940807	1.02253963868575e-05	0.00908270834062621	716.169234921527	-5.55505980709625	1.30155822635797	-4.26800714297696	1.97227013989149e-05	0.00294585439985611	2384	6	18	8	0.731508467469143	1>2	0.163398697060922	1	
CNTN2	0.13086	26.015	7.63517	4.82235	0.00035	0.0328401	-4.11226693110069	-2.29401161730194	0.0108686651152173	0.729072896247143	10.9076077165146	-3.01572451259078	1.52520399413837	-1.97725977913823	0.0480122735436331	NA	35	0	0	2	0.1711581718847	1>2	0.673845837895074	1	
LOC770119	0	0.914242	inf	-nan	5e-05	0.00964066	0	-4.86885619464601	1	1	0	NA	NA	NA	NA	NA	0	0	0	0	0.0684562146450628	1=2	0.810790430915069	1	
ERBB4	0.068321	15.3639	7.813	4.97377	0.0001	0.0158072	-2.49653116259602	-2.76598233196852	0.103914118805773	1	7.18264183426399	-1.95563424238434	1.50190872988676	-1.3020992577437	0.1928824568801	NA	21	0	2	2	0.223166831454027	1>2	0.61092486914632	1	
HEPACAM	0.80435	63.9657	6.31333	4.37092	5e-05	0.00964066	-4.09104353323007	-2.36756209023544	0.0125442117935596	0.758737287277283	10.2482177190314	-3.04338683888065	1.52950588651894	-1.98978432558191	0.0466146988198258	NA	33	0	2	0	0.190895560574552	1>2	0.6236424290414	1	
HEG1	15.8946	31.1007	0.96841	0.93476	0.187	0.999942	-6.26336811831595	-3.12599309619031	0.00844418376431553	0.652221411187241	4.86313804367378	-4.01918354233324	1.59811137650658	-2.51495834484268	0.0119046448359619	NA	9	9	0	0	0.934090390444251	1>2	0.037935749845391	0.636094370045659	
LAMC3	0.16789	3.35586	4.32109	2.9285	0.00045	0.0377785	-4.4895510287818	-4.13686795073138	0.160681620216045	1	1.4865088937534	-1.92472332348699	1.66302342248127	-1.15736392973664	0.247123704421828	NA	5	0	0	0	0.327655599311648	1>2	0.487114319873039	1	
PREP	21.9788	19.7684	-0.152917	-0.181754	0.80865	0.999942	-6.0016248383997	-3.30780964014876	0.0131229879013394	0.758737287277283	4.02548759340379	-3.74144622558301	1.6205225756634	-2.30878994330045	0.0209552403561824	NA	7	8	0	0	0.918600839522233	1>2	0.0495211630994802	0.856533321365334	
DDX3X	239.878	235.482	-0.0266878	-0.0180997	0.97915	0.999942	-4.17434566499593	-0.430623143704141	0.00285299333010104	0.368606738249054	40.6898744174132	-3.73728074209078	1.05970201068401	-3.5267279899549	0.000420728760188783	0.0249382628675553	31	121	6	3	0.701214743025947	1>2	0.195141776561418	1	
LOC101750474	0	9.0267	inf	-nan	0.11735	0.939335	-10.9520763692354	1.10447251980709	4.78083215222455e-07	0.00127397224776404	135.56961111031	-1.56671795020666	1.60723214962641	-0.9747925653247	0.329663165733033	0.927967192041103	456	0	0	0	0.834117970171611	1>2	0.100514426643537	0.999995963874153	
IRAK1BP1	3.60205	3.78217	0.0703973	0.0451592	0.95045	0.999942	7.4440901108392	-2.18239145811685	0.000878981323608537	0.181923532589192	10.648158455599	5.0042154258403	1.50667270945405	3.32136859879383	0.000895771507988761	NA	0	0	20	25	0.979653214900329	2>1	0.0115501463284002	0.0782910661436486	
TBC1D7	12.2489	13.7783	0.169747	0.0256464	0.88485	0.999942	-5.90784568437028	4.98124300709327	5.12797694089142e-05	0.0248450482786189	2013.82683188033	-5.0926126806458	1.22036355322274	-4.1730291495491	3.00576468475229e-05	0.00365812694596149	6622	64	80	48	0.660924712820805	1>2	0.216674237187829	1	
GABRA3	0.254878	4.08276	4.00166	2.98079	0.00045	0.0377785	-2.39133366398434	-4.69097115208869	1	1	0.29730177875068	-0.9865091419568	1.49489508991414	-0.659918644868557	0.509306038578136	NA	1	0	0	0	0.176503331241363	1>2	0.658309373108452	1	
LOC100857351	0.223164	4.10132	4.19991	2.94152	0.00015	0.0207236	0	-4.86885619464601	1	1	0	NA	NA	NA	NA	NA	0	0	0	0	0.0684562146450628	1=2	0.82354213854792	1	
LOC101750924	0.0474773	0.0762694	0.683867	0	1	1	-6.81882694988086	0.590229290443413	3.31888509312482e-05	0.0191221601122257	94.0346744069424	-5.58126761437468	1.32728273137653	-4.20503294621058	2.6104412818313e-05	0.00362861166790945	310	5	3	0	0.441309221663912	1>2	0.369174521095603	1	
RANBP3L	0.572002	7.76105	3.76216	2.40022	0.00045	0.0377785	-0.173968924296489	-4.2867223551763	1	1	1.0318625777603	-0.16632353044686	1.65053108990538	-0.10076970465088	0.919733276578995	NA	2	0	2	0	0.0615107105991555	1>2	0.836361036970675	1	
SOX10	4.3776	99.0135	4.49941	3.13194	0.0005	0.0396968	-4.5610944613019	-2.67996614190444	0.0106991612378073	0.729072896247143	7.62294644175485	-3.58163304198033	1.4595632290603	-2.45390742289819	0.0141313356801015	NA	20	6	1	0	0.544313427961302	1>2	0.292199845283824	1	
ASIC4	0.0688408	42.4393	9.26792	4.83377	0.0003	0.0302517	-5.14769885598902	-3.8252191375756	0.0508557879916342	1	2.37841423000544	-2.53900557378141	1.68255872973735	-1.50901453180048	0.13129506920293	NA	8	0	0	0	0.363771068898293	1>2	0.432693821324795	1	
F3	5.3337	55.1353	3.36977	3.1075	0.0003	0.0302517	0.463454557309453	-3.18490543101785	0.807347320042131	1	4.42045206470552	0.299161060293393	1.43540742140667	0.208415433717224	0.834904606549098	NA	4	3	8	3	0.0381880151501155	2>1	0.850663582294581	1	
CDH20	0.354486	19.0144	5.74522	4.21789	5e-05	0.00964066	4.80233314279901	-3.97885052058852	0.0858272047030279	1	1.65997945086995	2.36401130189834	1.68256907018095	1.4050010450056	0.160020967526975	NA	0	0	3	4	0.693808703906612	2>1	0.198950954556449	1	
BAIAP2	2.70132	22.59	3.06395	1.06577	0.0915	0.870171	-5.23929687224989	2.61640946670079	0.000231010812892565	0.0735028135708014	389.154671603725	-4.46034577128276	1.26056011594556	-3.53838402061216	0.000402584094052138	0.0249382628675553	1273	7	17	21	0.628672720508669	1>2	0.232677820926294	1	
BHMT	1.33689	27.6324	4.36941	3.80421	0.0002	0.0238721	0.0730157852969079	-3.49185714780311	1	1	3.10772925348194	0.0479704483614215	1.54008054689577	0.0311480126530472	0.975151499666484	NA	1	5	5	2	0.0326803780970191	2>1	0.853842379256195	1	
TBX18	0.162119	6.23455	5.26516	3.73947	0.00035	0.0328401	-5.9222256685084	-1.50397886488382	0.000720764052036436	0.163460085758646	20.4675436851666	-1.44955509595505	1.60550250653822	-0.902866915530752	0.366596531525002	0.936052244172182	68	0	0	1	0.326441403624061	1>2	0.488089405890128	1	
MFSD7	2.47929	26.6975	3.4287	2.83997	0.00035	0.0328401	-1.54159948300984	-4.27197136154156	0.710341426325682	1	1.11053484638151	-0.796607619408717	1.65817745359413	-0.480411561309108	0.630934775079188	NA	3	0	1	0	0.0821344212057825	1>2	0.734854054337636	1	
TRPM3	0.0893	1.37857	3.94837	2.67022	0.0001	0.0158072	-1.40569859345533	-2.34058198178647	0.291888353040278	1	10.0473241949773	-1.28169950042719	1.2814141883974	-1.00022265402738	0.317202768345923	NA	22	4	7	4	0.0990963593476666	1>2	0.717962844374398	1	
URM1	53.7369	48.97	-0.134014	-0.0717299	0.89325	0.999942	-11.4648475073645	4.67654215388625	1.88785898303226e-09	2.01226889001408e-05	1634.59662704078	-2.51851307487249	1.67888930907858	-1.50010668437381	0.133586769741637	0.79092995562346	5495	2	2	0	0.980018662295833	1>2	0.0100840398665218	0.0591477475525592	
MBP	9.55755	0	0	0	1	1	-9.97529768462861	4.68974857108731	1.70554086662336e-08	7.27174403893534e-05	1649.54150834256	-7.54184139119406	1.37907655236191	-5.46876196123946	4.53189891174901e-08	0.000102309938047282	5542	2	3	3	0.980261298282055	1>2	0.00810458029899268	0.0399649632759432	
C11ORF75	14.0573	17.8735	0.346506	0.331641	0.6363	0.999942	-7.83600359661079	2.03203014300877	2.44171421669223e-06	0.00398409433602407	259.5699903276	-6.14259516986367	1.36656708968322	-4.49490933612895	6.95995953009715e-06	0.00193870578887391	869	1	1	3	0.741042125883991	1>2	0.159008321616575	1	
PSAT1	4.68971	89.3131	4.2513	3.26043	0.00035	0.0328401	-6.13226785110705	-3.2198934697597	0.0112517582730702	0.729072896247143	4.75682846001088	-3.47628800352722	1.65197332022865	-2.10432454384074	0.0353501464988052	NA	16	0	0	0	0.439257614891567	1>2	0.370451980199536	1	
TSPAN5	8.31148	27.8634	1.74519	1.65158	0.02715	0.473062	-9.09491618817393	-0.69801185480944	2.73165110956634e-05	0.0166380966724958	37.2430045786575	-6.28653232424539	1.45423926054312	-4.32290097978618	1.53990859060166e-05	0.0026632313835353	122	4	0	0	0.77784138144292	1>2	0.135365208721837	0.999999999997554	
SCOC	39.6261	79.0556	0.996418	1.01441	0.15265	0.999942	-8.49216322055764	-1.2625725349993	0.000100464137003682	0.038939899502627	24.4590280923783	-5.86040409260556	1.47437467828811	-3.97484043839525	7.04264563565803e-05	0.00723191673711634	79	4	0	0	0.763320347874751	1>2	0.148741020982845	0.999999999999999	
LOC101749272	0.0766807	0.055504	-0.466271	0	1	1	8.54984512494599	-1.20127451233579	8.78638695639105e-05	0.0360208071416047	23.0292058318567	5.991399409582	1.42912290982729	4.19236118068115	2.76066012470287e-05	0.00362861166790945	0	0	33	63	0.971371160660658	2>1	0.0148489011270572	0.126309710711423	
RASD1	1.66748	19.5996	3.55508	3.09814	0.0003	0.0302517	-5.14769885598902	-3.8252191375756	0.0508557879916342	1	2.37841423000544	-2.53900557378141	1.68255872973735	-1.50901453180048	0.13129506920293	NA	8	0	0	0	0.363771068898293	1>2	0.432835263374674	1	
SLAIN1	0.244488	46.934	7.58472	4.90045	5e-05	0.00964066	-2.43848862235591	-3.43598225453788	0.159281116625695	1	3.6096003685521	-1.76238769446596	1.5721341900972	-1.12101607201672	0.262281021240997	NA	8	3	0	2	0.199347465869716	1>2	0.619989307900399	1	
LOC101747285	0.400886	0.604937	0.59359	0.390582	0.57445	0.999942	4.24780452821642	-0.383391990133243	0.00260615419538566	0.352100961694496	42.2812092741197	3.72467241678405	1.11367980954179	3.34447332605996	0.000824389566432399	0.0404320017208487	2	6	29	135	0.664753218118304	2>1	0.214508138179135	1	
DSTN	777.462	1180.89	0.603037	0.40092	0.61185	0.999942	-3.37304105003105	1.5426547974894	0.0101369762447052	0.713158013912416	170.945900290691	-3.19982175347095	0.843673748584356	-3.79272409369155	0.000149003681797208	0.0113866534508285	263	322	33	29	0.943106395674536	1>2	0.0320689115915171	0.497277781144864	
ZNF385D	1.195	15.6943	3.71516	2.95088	0.0002	0.0238721	-5.94173439526345	-3.34941437275177	0.0154253816753134	0.818005687946098	4.16222490250952	-3.29777008302407	1.66106729713921	-1.98533201436432	0.0471075444293913	NA	14	0	0	0	0.425131146051081	1>2	0.379011549802097	1	
FASN	NULL	NULL	NULL	NULL	NULL	NULL	-7.09534832322131	-2.48677883930808	0.00172483497424582	0.265077565023379	8.86259828823716	-4.85940258222846	1.52628642942257	-3.18380776278466	0.00145351506976576	NA	20	12	0	0	0.932641688403152	1>2	0.0390254743547042	0.660606438859971	
LOC417447	4.39835	60.8005	3.78905	2.75996	0.00045	0.0377785	0	-4.86885619464601	1	1	0	NA	NA	NA	NA	NA	0	0	0	0	0.0684562146450628	1=2	0.816544568164528	1	
FAM123A	0.600279	15.901	4.72734	3.52463	5e-05	0.00964066	-7.67419358700758	-1.99824288282227	0.000533657563632702	0.135434665970499	13.8646738293179	-5.14346610835461	1.52547868960875	-3.37170630005576	0.000747040664337945	NA	45	2	0	0	0.689296274968512	1>2	0.203513525187601	1	
GVINP1	3.75782	1.64883	-1.18845	-1.1654	0.10445	0.913473	7.59157074154294	-2.05750313111692	0.00063769741854595	0.152140046176224	11.846608696026	5.10062850082697	1.50224021153427	3.39534813518112	0.000685413864496071	NA	0	0	14	35	0.926495749953964	2>1	0.044042465938579	0.765326346343846	
LOC100858414	11.9034	104.59	3.1353	3.24934	0.0006	0.0442336	0.510586194125988	-3.0086883459413	0.839358375055332	1	5.41495718163404	0.267816827209461	1.49793073466942	0.178791195754833	0.858101658663458	NA	8	0	7	6	0.112778285287123	2>1	0.705357303864304	1	
ASB5	4.79532	51.182	3.41594	2.86321	0.0002	0.0238721	-1.85927640343982	-2.26853659965945	0.19288784582227	1	10.6146459657838	-1.66764282376668	1.2376715709483	-1.34740335231982	0.177850361519795	NA	22	8	4	5	0.162139164313994	1>2	0.676518289463053	1	
FABP7	21.2174	579.554	4.77162	3.15878	0.00025	0.0272453	-6.69964279861436	-2.80247367346512	0.00364633737441854	0.411283704486002	6.91822314608812	-4.4104922973675	1.57092870433379	-2.80756999677966	0.00499168303789568	NA	20	4	0	0	0.75635617343042	1>2	0.152482986776588	1	
IL1RAPL2	1.86373	39.3286	4.39931	3.28046	5e-05	0.00964066	-3.1697659841749	-3.57562869520466	0.0979959202179149	1	3.16978563164514	-2.15775148407578	1.61880188823548	-1.33293116332337	0.182554394690711	NA	9	1	0	1	0.189237646032455	1>2	0.63572976373444	1	
NXPH1	0.836046	14.479	4.11424	3.41933	0.0002	0.0238721	0	-4.86885619464601	1	1	0	NA	NA	NA	NA	NA	0	0	0	0	0.0684562146450628	1=2	0.817734185076211	1	
ELAVL4	4.90638	30.4781	2.63504	2.09971	0.0023	0.100889	-6.18418741039427	-3.1821905470267	0.00971596373371636	0.702118355509713	4.62009115090516	-3.94105106362627	1.60466159308636	-2.45600136540076	0.0140492623629075	NA	9	8	0	0	0.922208493014092	1>2	0.045984748802508	0.800101377801713	
RNPEPL1	9.38635	23.546	1.32685	0.968781	0.1454	0.986496	-6.32920047694375	0.781286237890987	3.91057221326887e-05	0.021375789344222	107.77023123616	-5.00583032666318	1.39080667667098	-3.59922799525602	0.000319163276701594	0.0218332326731021	358	1	5	0	0.232939578234899	1>2	0.590915063511451	1	
CRB1	0.218516	4.57094	4.38668	3.28068	0.0002	0.0238721	-0.333868859737639	-1.70538115887181	0.799429888966989	1	16.5310115446195	-0.403794414466901	1.22062709437876	-0.330808988532582	0.740788770942862	NA	30	3	20	10	0.0538750550384818	1>2	0.842525371385611	1	
GRIA3	0.515205	9.65079	4.22743	2.85684	0.00035	0.0328401	-2.67275335677423	-3.82971485359352	0.229104510243897	1	2.33213518137515	-1.5775069958608	1.67607947684047	-0.941188659403263	0.346608187291194	NA	7	0	0	1	0.123173055546819	1>2	0.698471981515448	1	
PHACTR3	0.968082	36.4029	5.23278	3.76843	5e-05	0.00964066	-2.52019211390483	-3.43816417204717	0.159281116625695	1	3.70757858651642	-1.71411870546881	1.63820470622227	-1.04633975165509	0.295404198398494	NA	11	0	2	0	0.110300831601113	1>2	0.707101160240474	1	
SLC6A11	2.31729	26.3839	3.50915	3.03562	0.00045	0.0377785	-1.29121659737541	-3.46163073374659	0.462709743606287	1	3.41986261131876	-1.03640587724414	1.51868627037323	-0.682435798270197	0.494963426110989	NA	6	3	3	1	0.071480995090526	1>2	0.750556816078001	1	
RBP3	0	0	0	0	1	1	-5.38842020190908	1.6684630973692	0.000208737810952073	0.0674223129375197	200.834958263262	-4.50684180785652	1.3010179684351	-3.46408882674962	0.00053203079803761	0.0286598885631408	660	2	12	6	0.532186689920954	1>2	0.299875805930554	1	
LOC101752002	1.00007	26.3862	4.7216	4.08113	0.0005	0.0396968	-12.5945682486915	2.73254500949082	1.28765403407282e-08	6.86255217459112e-05	423.303478054987	-1.98402547802061	1.65356699266311	-1.19984584043087	0.230199217258495	0.889798290018626	1423	1	0	0	0.931247874999617	1>2	0.0400871404491927	0.683940467399795	
RHOU	3.70438	95.6119	4.68989	3.29125	0.00015	0.0207236	-0.110677397609839	-4.26823712653346	1	1	1.09664901774213	-0.0981907374487803	1.65711543931593	-0.0592540115909571	0.95274979014861	NA	2	0	0	2	0.060780973339186	1>2	0.837377718163524	1	
LOC101747937	0.00743848	0.52521	6.14174	1.69708	0.23495	0.999942	-7.77098038533638	1.52227446985723	4.21544623027736e-06	0.00511031320413748	181.712671789553	-1.53503996007399	1.60732360727436	-0.955028566199594	0.339563251117604	0.92837585145654	609	0	3	0	0.449150091425022	1>2	0.357686410276746	1	
GRM7	0.45813	33.3498	6.18578	4.21048	5e-05	0.00964066	-0.395001674743446	-3.60470400896213	0.999999999999999	1	2.91988299714212	-0.363362816098611	1.55978347580135	-0.232957216008416	0.815794628460235	NA	5	1	2	3	0.0427873964370923	1>2	0.848284078314921	1	
LOC101749937	0	0.860846	inf	-nan	0.1257	0.951859	-6.31386442966608	-1.18516129974203	0.000339209623872179	0.100434316134821	25.9753744894746	-4.96251938101402	1.40818486895695	-3.52405390116838	0.000424997784717923	0.0249382628675553	85	2	1	0	0.484988218872438	1>2	0.335222261026119	1	
KIF21A	11.0762	70.1004	2.66196	2.02657	0.01	0.260326	-8.22536509466432	-1.50703560823383	0.000175801554180718	0.060447379548783	20.2968031898687	-5.6632775491862	1.48508308529722	-3.81344155438467	0.000137044945751297	0.0109836510180186	65	4	0	0	0.762090503605412	1>2	0.149578475999166	0.999999999999999	
SYCP2L	0	0.0226938	inf	0	1	1	-6.99092015880408	-0.5527285405843	8.1892205576704e-05	0.0356281232343709	41.543576756474	-1.5135921481261	1.60650662612779	-0.942163650936416	0.346108860666924	0.929560699080556	139	0	1	0	0.435742457261252	1>2	0.371186113908481	1	
LOC101750259	NULL	NULL	NULL	NULL	NULL	NULL	6.45823298712269	-2.96545404336292	0.00573297461581058	0.520773617339794	5.32001771289603	4.03739037575239	1.59117356949546	2.53736641504961	0.0111689984884937	NA	0	0	14	9	0.942863942291132	2>1	0.0332083273241239	0.526001346852902	
JAKMIP3	0.146566	3.73314	4.67076	3.17384	5e-05	0.00964066	-0.987629604342258	-4.40909445969026	1	1	0.758978181648778	-0.498917227494462	1.6451646249364	-0.303262798100676	0.761689594816982	NA	1	1	1	0	0.0644801106925383	1>2	0.833491915086589	1	
LOC101752256	3.19635	3.75384	0.231944	0.0630513	0.94515	0.999942	-8.81520709907326	-0.959930912763306	4.9718126520601e-05	0.0248450482786189	26.7351582045492	-1.55394433118755	1.60587004305427	-0.967665059765383	0.333211673422455	0.927967192041103	0	110	0	0	0.59769710758808	1>2	0.261468618947074	1	
SCN2A	0.0722351	1.55417	4.4273	2.95387	0.0001	0.0158072	0	-4.86885619464601	1	1	0	NA	NA	NA	NA	NA	0	0	0	0	0.0684562146450628	1=2	0.821354904372213	1	
LOC101751422	0.354951	4.68714	3.72302	2.81512	0.00045	0.0377785	0.418060704476997	-3.33987610340619	0.786007375452615	1	3.85918747764183	0.229283338463055	1.49269305613139	0.153603808580237	0.877922133769359	NA	5	1	4	5	0.044475504872028	2>1	0.847435105686852	1	
XAF1	0.0148078	0.476449	5.00789	0.306483	0.1897	0.999942	-9.35846615047537	-0.446967729873014	1.55750915138848e-05	0.0125349991799125	44.8925685913527	-1.56031063839795	1.60655311939542	-0.971216338607669	0.331440559369589	0.927967192041103	151	0	0	0	0.661102102494005	1>2	0.216365922200445	1	
FRZB	6.22717	49.2325	2.98296	3.07076	0.00025	0.0272453	-0.105740503930534	-3.15033506865169	1	1	4.65311459592955	-0.127675295331525	1.43345135688204	-0.0890684533650569	0.9290275082901	NA	5	4	2	7	0.033196098532695	2>1	0.853485809659166	1	
SALL1	2.01632	47.7008	4.56422	3.43597	0.0003	0.0302517	-1.95345373631516	-1.10671501748529	0.125540711882981	1	27.0231947541509	-1.72381714532844	1.29938246042394	-1.32664338470909	0.184626677203234	0.871772419257038	73	1	6	15	0.0793826030646354	1>2	0.739115767179672	1	
LOC420810	9.55043	4.63794	-1.04208	-0.530407	0.4961	0.999942	9.23065212396586	-0.56309826037065	2.01635277977582e-05	0.0148222788135383	36.8191110296272	6.62310598699376	1.38010173039803	4.79899839346161	1.59461073474509e-06	0.000654986359296547	0	0	80	77	0.992625505634959	2>1	0.0044372385025313	0.013260142805649	
DCLK1	2.28994	24.7298	3.43287	2.64533	0.0004	0.0363648	-3.21937198915986	-4.54301010604634	0.567719790194979	1	0.486093785537258	-1.13104404292244	1.5357293990712	-0.736486547438946	0.461434651456272	NA	0	2	0	0	0.232425332615896	1>2	0.60658328047597	1	
ELOVL5	32.0172	180.575	2.49568	2.02134	0.02115	0.406906	-7.41332227928095	-2.22154704871123	0.000941059776612246	0.191062022074475	11.0239929743144	-5.168254904741	1.49901742984481	-3.4477617150029	0.000565252480790575	NA	24	16	0	0	0.953013607317975	1>2	0.0243381829818314	0.310025787478604	
ELOVL2	0.178193	35.4866	7.63769	4.64372	5e-05	0.00964066	-1.35846054536645	-3.94775484632158	0.614689668902653	1	1.84765136203915	-0.941179045474711	1.63856775660709	-0.574391288782327	0.565703046455153	NA	3	2	1	1	0.0752326890080781	1>2	0.746791047999581	1	
ELOVL3	0	1.2046	inf	-nan	0.0001	0.0158072	0	-4.86885619464601	1	1	0	NA	NA	NA	NA	NA	0	0	0	0	0.0684562146450628	1=2	0.822582613284998	1	
IDH3A	36.6715	41.6333	0.183078	0.136901	0.81625	0.999942	-5.91955870919582	2.54011266187645	6.4207784186481e-05	0.0285162821518209	368.535908546501	-5.1871990851542	1.17911507897522	-4.39923055658185	1.08635365006185e-05	0.00210356609912772	1198	29	14	9	0.74576254307091	1>2	0.158581186776834	1	
CNP	19.6438	1759.73	6.48514	0.903577	0.31505	0.999942	-10.732868835596	0.888737714633493	7.75068601544138e-07	0.00150208294979254	116.271022840356	-7.37035980986834	1.41604538201194	-5.20488954908805	1.94112024836349e-07	0.00019611507319803	387	5	0	0	0.885064814460181	1>2	0.0704374953877091	0.992768881989806	
LOC101749588	2.04363	2.55818	0.323985	0.209516	0.75955	0.999942	-8.47873683599262	-1.27507349597886	0.000100464137003682	0.038939899502627	24.3787458575558	-1.55242619250775	1.6057058512715	-0.966818543557305	0.33363475272695	0.927967192041103	82	0	0	0	0.577315190771422	1>2	0.271769459885518	1	
KRT222	1.94825	39.4447	4.33958	3.13647	5e-05	0.00964066	-1.51378244358447	-4.28184387511976	0.710341426325682	1	1.00202507441741	-0.800206913899334	1.67456248943812	-0.477860288252267	0.632749647717944	NA	1	2	1	0	0.0774197962560678	1>2	0.743904748013357	1	
LOC101751234	0	0.458246	inf	-nan	5e-05	0.00964066	-9.09760401045493	-0.695514597263282	2.73165110956634e-05	0.0166380966724958	37.4600241225857	-1.55843449662855	1.60635264749012	-0.970169594493188	0.331961963805568	0.927967192041103	126	0	0	0	0.63195646146472	1>2	0.230486853828106	1	
NPL	6.18989	63.0139	3.34768	2.58158	0.00045	0.0377785	-4.9596893999381	-3.92197367561664	0.0858272047030279	1	2.08111245125476	-2.3599179574375	1.68145570227534	-1.40349695459955	0.160468699476035	NA	7	0	0	0	0.351606725111224	1>2	0.446681779906333	1	
ENHO	5.35024	67.613	3.65963	2.92547	0.0002	0.0238721	-3.1424876733427	-3.00722501368397	0.0606685967411366	1	5.63645793382481	-2.41482612665559	1.49342550464726	-1.61697126447961	0.105884483837197	NA	14	4	0	2	0.256630487021632	1>2	0.540434685402743	1	
KCNQ5	1.89176	3.32573	0.813941	0.787763	0.2703	0.999942	3.96017675946535	0.28402275420431	0.00368493349736604	0.413449538404469	67.7428003744715	3.54478160491261	1.0580663434977	3.35024512091979	0.000807400766398404	0.0401987714906842	1	15	146	127	0.90043265369607	2>1	0.0610091026608075	0.965209969671926	
PDE4A	1.32695	32.1496	4.59861	3.41092	5e-05	0.00964066	-3.25231317652939	-4.53198072071386	0.567719790194979	1	0.594603557501361	-1.17271869427362	1.54547192841158	-0.758809443714012	0.447966555604945	NA	2	0	0	0	0.235919762540653	1>2	0.588988441727683	1	
LOC431205	6.44399	10.9212	0.761104	0.758082	0.2864	0.999942	-11.7169511306185	1.86063098626175	8.91695102606086e-08	0.000316819269955942	230.354623645795	-2.17227199693125	1.66588792596697	-1.30397247201989	0.192242968394607	0.871772419257038	774	1	0	0	0.896222675598517	1>2	0.0644760418320796	0.979596438781644	
BMPR1B	0.432672	11.2846	4.70494	3.54041	5e-05	0.00964066	-2.62352386410867	-2.68027001376964	0.0866921394393572	1	7.7229905057833	-2.15873072074777	1.42557625449029	-1.51428639046715	0.129953218791114	NA	22	1	2	2	0.230760648230329	1>2	0.608701448586998	1	
TNNC1	2.55953	122.325	5.57869	5.30115	0.0002	0.0238721	-3.87500508212349	-3.17334783587356	0.0373602654420851	1	4.86694819817625	-2.8709196309596	1.5510453818343	-1.85095785370534	0.0641756166452209	NA	14	2	1	0	0.304289834474958	1>2	0.509020815201572	1	
ARHGEF4	0.877027	11.8812	3.75992	2.74299	0.00025	0.0272453	-1.64667325224105	-2.70422911198037	0.285515039062412	1	7.30234737598238	-1.4439859909128	1.32798681397459	-1.08734964513016	0.276882316070069	NA	15	5	4	3	0.130213794113651	1>2	0.693313834366846	1	
NETO2	0.46045	10.1294	4.45937	3.2814	5e-05	0.00964066	2.24819644616605	-4.70864358526676	1	1	0.218629510129469	0.879150054330316	1.46913202996556	0.59841459882331	0.549563327107046	NA	0	0	1	0	0.188554256352904	2>1	0.63896662822831	1	
LOC101750290	0	1.02115	inf	-nan	5e-05	0.00964066	-2.30846452868963	-3.50599584722062	0.187665051449388	1	3.36655347578347	-1.6438136232686	1.59101849979472	-1.03318322413014	0.301518162070034	NA	8	2	0	2	0.147157098521453	1>2	0.683824104329335	1	
CADM2	0.557218	11.2562	4.33633	2.39103	5e-05	0.00964066	-3.05875788407035	-3.6635774087233	0.118822432141556	1	2.84009063290354	-2.0917134723009	1.6317067097281	-1.28191755284836	0.199871569801496	NA	8	1	1	0	0.190563718468975	1>2	0.623875207773357	1	
LOC769940	0.3199	6.43719	4.33074	3.07493	0.0001	0.0158072	0.687010588248555	-4.41950865890958	1	1	0.734560799009618	0.198425584030864	1.59242385308335	0.124606010922695	0.900835469462521	NA	1	0	2	0	0.0668777778958499	2>1	0.830785962261547	1	
GPR37	0.326479	48.4384	7.21302	4.07381	5e-05	0.00964066	-8.49619433012491	-1.25895689618324	9.71024430932417e-05	0.038939899502627	24.6760476363065	-1.55263167674466	1.60572809339336	-0.966933120951695	0.333577467960176	0.927967192041103	83	0	0	0	0.578624722382065	1>2	0.271514535308925	1	
AQP4	1.27302	60.8134	5.57807	3.80272	5e-05	0.00964066	-0.932435945995988	-4.40450781919121	1	1	0.737116515657643	-0.330656768784243	1.59366260906222	-0.207482290733304	0.835633221707278	NA	0	2	0	1	0.0660027473399541	1>2	0.832289026223655	1	
GRM1	0.0134514	0.0370259	1.46077	0	1	1	-8.87217865565787	1.27325263393496	1.37415500061315e-06	0.00244118635858926	132.679186069032	-1.55161295032384	1.60722851632753	-0.965396603259145	0.33434620216072	0.927967192041103	0	545	1	0	0.648532383915895	1>2	0.222004699057409	1	
LOC100859798	2.46283	21.0601	3.09612	2.63609	0.00045	0.0377785	-5.11655478768451	-3.8413927643844	0.0653590181971895	1	2.16139468607724	-2.81605192489173	1.67563072994135	-1.68059219407506	0.0928421530635227	NA	4	4	0	0	0.767555950619783	1>2	0.143069804507395	0.999999999999963	
PTPDC1	2.77027	23.2866	3.0714	2.5581	0.0006	0.0442336	-1.18932922748271	-2.19189123094666	0.383692915606311	1	11.4063260548312	-1.10074215277051	1.30907308910391	-0.840856146178969	0.400428528583304	NA	26	2	10	4	0.074211211252552	1>2	0.747625264524851	1	
SH3GL2	0.799154	17.4415	4.44791	3.23948	0.0004	0.0363648	-0.12294962782155	-4.55407163516962	1	1	0.461676402898098	-0.0502541101601649	1.55535245801474	-0.0323104322118149	0.974224489847578	NA	0	1	1	0	0.056264226668497	2>1	0.841204788715015	1	
LGI2	0.508679	7.59078	3.89942	2.9761	0.00015	0.0207236	0	-4.86885619464601	1	1	0	NA	NA	NA	NA	NA	0	0	0	0	0.0684562146450628	1=2	0.824866556290028	1	
LOC100857569	NULL	NULL	NULL	NULL	NULL	NULL	5.40822844833303	-0.578877000207952	0.000456435986194171	0.120833908598931	36.8229574876509	4.38471902886744	1.29067261679739	3.39723565201799	0.000680703203207112	0.035504614694263	2	1	5	139	0.520681298144962	2>1	0.309360963861172	1	
GLRX3	45.7813	51.6317	0.173499	0.226626	0.77995	0.999942	-6.09576787802006	-3.2436574842287	0.0112517582730702	0.729072896247143	4.32278937215447	-3.8454070941888	1.61234314147755	-2.38498058835346	0.0170800225719192	NA	8	8	0	0	0.922190785359528	1>2	0.0468940192550213	0.815655332602674	
ELFN1	0.145139	4.30288	4.88979	3.74622	5e-05	0.00964066	1.53549192476462	0.447284281411447	0.210924946726502	1	76.7894355903391	1.38488641360798	0.878746227707661	1.57597992451207	0.115030429876069	0.749980143993575	30	46	133	110	0.526484054045987	2>1	0.305955019323589	1	
CAPN5	6.83338	13.1325	0.942467	1.0845	0.1352	0.971514	-6.53891181077049	-2.92338502968363	0.00508830697008117	0.486423892323724	5.78107072876625	-4.27001573369943	1.57702166107279	-2.70764558223931	0.0067762343657066	NA	8	14	0	0	0.945646678291743	1>2	0.0308276769548197	0.466950684290955	
ST18	0.251116	12.5472	5.64287	4.16264	5e-05	0.00964066	-2.37114607398761	-4.69683387010345	1	1	0.243046892768629	-0.943740214043913	1.48034540048963	-0.637513524702931	0.523790403198609	NA	0	1	0	0	0.173930970695978	1>2	0.67217283906137	1	
SPOCK3	1.63679	30.4803	4.21894	3.36071	5e-05	0.00964066	-4.9596893999381	-3.92197367561664	0.0858272047030279	1	2.08111245125476	-2.3599179574375	1.68145570227534	-1.40349695459955	0.160468699476035	NA	7	0	0	0	0.351606725111224	1>2	0.44589333106601	1	
CLDN11	0.786328	613.126	9.60684	5.34203	5e-05	0.00964066	-2.64386732158541	-3.3681140334514	0.136225465634497	1	4.0048803652671	-1.81543690652865	1.63026900992032	-1.11358119149758	0.265458899032471	NA	12	0	2	0	0.115907841984172	1>2	0.703207890333927	1	
TNMD	1.28676	26.5693	4.36795	3.73105	0.0006	0.0442336	1.54782486775134	-3.02102020733048	0.288111457427618	1	5.06963204581473	1.18635636847041	1.4979216071204	0.792001639358859	0.428359720349136	NA	0	5	5	11	0.122043592816542	2>1	0.699474850002947	1	
PANK4	6.08764	6.08971	0.000490486	4.21343e-05	0.9969	0.999942	-5.29280042631926	6.58845955938398	0.000186411900957788	0.0630782365812401	6134.20575593097	-4.58252542631439	1.21649370500054	-3.76699477151209	0.000165224459782294	0.0123392630646504	20000	208	223	354	0.35314339498788	1>2	0.443497270285932	1	
ARVCF	13.3733	32.5068	1.28139	1.25064	0.0829	0.839817	-4.84408130161868	2.23729781479524	0.000529643476527526	0.135434665970499	297.757826666044	-4.28658645959047	1.17253137772247	-3.65583944364605	0.000256341763645482	0.0179221071348735	951	25	26	13	0.444994880342355	1>2	0.368084260368691	1	
KIRREL3	0.88261	3.17624	1.84747	0.539794	0.5171	0.999942	3.50331162479839	3.41096167394729	0.00741969880441341	0.601491816626984	607.434763013326	3.18449490551592	0.88604523628752	3.59405454157033	0.000325571637547779	0.0218332326731021	87	104	1921	543	0.793615193510392	2>1	0.1277164429264	0.999999999884109	
C10H15ORF26	0.0201239	0.21503	3.41756	0	1	1	5.01398268000708	-0.603497468299623	0.000863782196806054	0.181923532589192	35.7264533495637	4.37651686054458	1.1472298348002	3.8148562108366	0.000136262252234925	0.0109836510180186	0	4	74	74	0.915623261336953	2>1	0.0527383300082822	0.898689113710915	
SOX8	1.08549	72.2694	6.05697	3.90214	5e-05	0.00964066	-5.14769885598902	-3.8252191375756	0.0508557879916342	1	2.37841423000544	-2.53900557378141	1.68255872973735	-1.50901453180048	0.13129506920293	NA	8	0	0	0	0.363771068898293	1>2	0.433258412475355	1	
SOX1	0	5.04879	inf	-nan	5e-05	0.00964066	-2.39133366398434	-4.69097115208869	1	1	0.29730177875068	-0.9865091419568	1.49489508991414	-0.659918644868557	0.509306038578136	NA	1	0	0	0	0.176503331241363	1>2	0.663467369412564	1	
MMD2	1.50593	48.8225	5.01882	3.68613	5e-05	0.00964066	-4.74359278895245	-4.02551995056668	0.11562949789085	1	1.78381067250408	-2.15711099384904	1.67602555342264	-1.28703944247387	0.198080540845063	NA	6	0	0	0	0.339663409924546	1>2	0.458557018107392	1	
CTNNA1	73.9291	68.4434	-0.111232	-0.104567	0.88965	0.999942	-4.54238231498621	3.96657938576374	0.000917560251393133	0.188082206146142	992.317372409001	-4.00913981896944	1.18348329497611	-3.38757617956101	0.000705131321712486	0.0362040862991755	3170	54	90	68	0.67260384782578	1>2	0.208485879483264	1	
LOC101749064	0.411942	4.95161	3.58739	1.97909	0.02465	0.449593	-6.84064763733121	-2.6910643545361	0.00297270075421331	0.370596694025259	7.26757962251965	-4.60318040569266	1.54739998998561	-2.97478378924861	0.00293195118310934	NA	13	14	0	0	0.962540680135183	1>2	0.0200918421314837	0.216879853492771	
MPP7	6.28978	3.29875	-0.931091	-0.864316	0.2173	0.999942	-6.13389635024023	-1.31262755354537	0.000458580346536532	0.120833908598931	23.5208437074959	-4.87928448482658	1.38396519595731	-3.52558322931777	0.000422551377267536	0.0249382628675553	75	4	0	1	0.515935212342992	1>2	0.315593827889793	1	
MPP6	2.35714	20.0988	3.092	2.56137	0.0005	0.0396968	-0.796899457351062	-1.32277524068156	0.537623500808994	1	21.9844531207083	-0.801591065747091	1.06934225125098	-0.74961132865492	0.453488825851364	0.958687150212062	36	15	20	13	0.0427914654762575	1>2	0.848277881095529	1	
GABRB2	0.0873559	3.94906	5.49846	3.27215	0.0005	0.0396968	-4.18140004018805	-4.25726897815514	0.231992438281397	1	1.18920711500272	-1.65565574002342	1.63627880466287	-1.01184207441014	0.311613569120385	NA	4	0	0	0	0.312656398037512	1>2	0.504684193302374	1	
LOC100858588	1.48275	22.4641	3.92127	0.979674	0.1629	0.999942	-6.10590171461106	-0.0964661146685482	0.000152699753274406	0.0561250575914445	57.683575164537	-4.86456100912189	1.38736789717426	-3.50632375091701	0.0004543422227557	0.0260458709595021	191	1	3	0	0.301785188274584	1>2	0.513185029392894	1	
PMP2	0	309.085	inf	-nan	5e-05	0.00964066	-4.18140004018805	-4.25726897815514	0.231992438281397	1	1.18920711500272	-1.65565574002342	1.63627880466287	-1.01184207441014	0.311613569120385	NA	4	0	0	0	0.312656398037512	1>2	0.501917978515631	1	
LOC101750439	2.19721	16.087	2.87215	1.98609	0.01105	0.275402	-7.37902257214354	1.55840117056962	6.9775785689427e-06	0.00708323904441526	186.130085105032	-6.12130604286195	1.28371072086182	-4.76844661603544	1.85651852569398e-06	0.000677835541714491	618	6	2	2	0.816648367793539	1>2	0.106902451766138	0.999999508960272	
ELFN2	0.0881354	5.59301	5.98776	4.09992	5e-05	0.00964066	-3.88407140494099	-3.16759999846833	0.0373602654420851	1	4.97545797014035	-2.64973529175411	1.61233682419243	-1.64341299658728	0.10029751292544	NA	16	0	1	0	0.20420308122259	1>2	0.618239311387389	1	
LOC768355	0.340442	0	-inf	0	1	1	6.41794648726648	-2.99596654096035	0.00648934356091684	0.551080943468262	5.19856786273931	4.00287805256834	1.59404950846589	2.51113784817179	0.0120342693897323	NA	0	0	10	12	0.941399309970733	2>1	0.0343123430939128	0.553777995000265	
SLC13A5	0.125565	7.88013	5.97172	3.0708	0.0001	0.0158072	-0.827090844010784	-3.85028018400339	0.821739954841418	1	2.15292897814159	-0.622886407305202	1.62047115352423	-0.384385989192427	0.700692383406355	NA	4	1	1	2	0.0539145619558783	1>2	0.842500483087173	1	
CRYAB	4.4445	577.463	7.02157	3.93027	5e-05	0.00964066	-5.13994126493252	-3.82925559508259	0.0508557879916342	1	2.32415934402339	-2.81698020191728	1.67646509647493	-1.68030948442678	0.0928971166847965	NA	7	1	0	0	0.490974291861539	1>2	0.329728817912534	1	
LUZP2	2.99517	29.5328	3.30161	2.63554	0.00055	0.0427004	-2.37114607398761	-4.69683387010345	1	1	0.243046892768629	-0.943740214043913	1.48034540048963	-0.637513524702931	0.523790403198609	NA	0	1	0	0	0.173930970695978	1>2	0.672606105362729	1	
