Gene	cuffdiff_ctrl_FPKM	cuffdiff_exp_FPKM	cuffdiff_log2	cuffdiff_test_stat	cuffdiff_p_value	cuffdiff_q_value	edger_logFC	edger_logCPM	edger_PValue	edger_FDR	deseq2_baseMean	deseq2_log2FoldChange	deseq2_lfcSE	deseq2_pvalue	deseq2_padj	bayseq_library_522	bayseq_library_523	bayseq_library_524	bayseq_library_525	bayseq_likelihood	bayseq_FDR	

OPA1	15.2973	23.6904	0.631027	1.86669	0.0088	0.422084	-0.633525802655428	6.32049914871305	0.0415676558907426	0.859494944984337	-0.584107434349558	2421.76268293807	0.172443209651262	0.000705982602268167	0.0990184358933311	2551	3079	1954	2055	0.168700196909414	0.493214906421753	
LOC101750146	14.8466	125.801	3.08294	6.62399	5e-05	0.0105395	-2.55008991944339	7.14017366432961	6.32440822242019e-15	5.09278420817661e-12	-2.19879761111475	4279.87046487226	0.220272908168523	1.82466057706056e-23	4.42375923618498e-20	7422	6448	1554	1092	0.894782761961535	0.0229667489478943	
C5H14ORF105	0.639481	8.70954	3.76762	4.63577	5e-05	0.0105395	-3.70594596312965	2.11267603163981	4.4775773750709e-21	7.34253803705858e-18	-2.16890936226887	130.489760155784	0.311348748480432	3.25677756195244e-12	3.07059844466083e-09	309	145	24	15	0.776507737221026	0.0509809950685383	
NAALAD2	4.97454	9.3838	0.91561	2.28459	0.00145	0.128337	-0.718737844941915	4.38530508885116	0.0226749292517426	0.609563861019734	-0.611158768765419	632.485797520268	0.229500056179659	0.00774472946277284	0.462802125749007	834	656	564	448	0.0322765140452829	0.842665291745967	
ECEL1	0.605999	1.54355	1.34887	2.08757	0.0094	0.441607	-1.33871049805839	1.43734031317677	0.000193432595349315	0.0220513158698219	-0.968685835877943	80.4341616716011	0.285486135145573	0.000691039036824514	0.0977301957829069	93	128	40	56	0.119187989658195	0.586666915980844	
VIPAR	14.8682	9.70493	-0.615438	-1.63852	0.0198	0.69867	0.624015706904806	4.69109447334671	0.0469539628087462	0.926819054774862	0.562961123148471	781.074530215425	0.189052114500409	0.00290316663564635	0.255283113852613	534	641	953	1047	0.101820741219743	0.631662843734641	
TMEM141	39.5491	65.9013	0.736663	2.01891	0.0372	0.970317	-0.704703411817878	4.61926257458246	0.0250747578489513	0.65427623968659	-0.646875010157905	743.599556871167	0.176638695804683	0.000250120545777876	0.0451574019403865	819	941	602	593	0.358517957168958	0.3033458237487	
MYO1G	1.72227	0.752285	-1.19496	-1.96094	0.01215	0.514929	1.23363660277069	1.76341541534691	0.000437329095194896	0.0408902704007228	0.880697945132182	100.506966343737	0.288714063626691	0.00228524737287787	0.220357574801763	46	69	187	113	0.0547551860572249	0.759601716026671	
LGALS2	1029.72	1540.2	0.580864	1.54975	0.02855	0.842002	-0.625700231757736	8.53372091525133	0.0433121471495239	0.877439820813643	-0.530763435188972	11241.9109932914	0.230873135561325	0.0215083591813631	0.800319527518161	13842	12047	7740	10861	0.00146692945857002	0.986557826615824	
EIF2AK3	11.7335	18.4364	0.651927	1.86082	0.00785	0.39055	-0.648033058119492	5.43190409828649	0.0379342528141517	0.814383083073601	-0.601162645962943	1307.56536422164	0.167111961517912	0.00032145780111585	0.0544428194651422	1476	1567	1119	1035	0.447578101798065	0.208385405485963	
PIGC	22.1214	36.9332	0.739476	2.36964	0.00715	0.371893	-0.797350585902583	4.49900454803998	0.0114710740235052	0.410302610793765	-0.700069304096134	683.997443077243	0.210024268005184	0.000858290889652566	0.112142639316918	762	897	467	586	0.189953317937254	0.463649718069389	
ENTPD8	17.7645	9.74772	-0.865857	-1.47438	0.046	0.999823	1.0748065648938	4.26796135203391	0.00073230174048323	0.0614614508016594	0.912696336276208	581.627604523509	0.228876030101358	6.67078763762221e-05	0.0157236023608454	276	444	865	804	0.421106183215515	0.226022643721727	
RHPN1	4.97737	11.24	1.17519	3.07136	5e-05	0.0105395	-1.19071083053587	4.78977504161313	0.000168882655407498	0.0193561314407368	-0.911985563801109	838.316016417119	0.271233912204592	0.000772798106669589	0.105767392486206	1346	851	659	424	0.0731263687535137	0.696177155324927	
ALPI	2.28487	4.32761	0.921456	1.59168	0.0243	0.784851	-0.906210497339159	2.23745654526048	0.00697400726162653	0.305909232105667	-0.701353611524699	141.443880313774	0.268045440143689	0.00888240191735233	0.505849808521431	188	162	86	121	0.0213233877133016	0.890537570527817	
LOC100857214	1.10232	2.58579	1.23007	1.61792	0.0266	0.82091	-1.24132646694625	0.920639704501899	0.000955915220170332	0.0760380621775789	-0.632507173732402	56.063583571435	0.319629251241839	0.0478297859489216	0.999162683775631	110	37	37	33	0.016747497957381	0.913450120179972	
LOC101749569	5.08475	0.109585	-5.53606	-4.82439	0.03785	0.979575	5.12770036546631	0.777079669381229	8.99927261851848e-21	1.37033209772555e-17	2.59032949794181	49.2919186400502	0.312609630007723	1.16975720259644e-16	1.52707303732802e-13	3	2	107	96	0.996938171416122	0.000537319013335846	
CAPG	4.13165	8.68925	1.07251	2.20435	0.0025	0.18715	-1.0496318526982	3.07553709631111	0.00131079735428149	0.0940861212073159	-0.920193638655702	254.050594342873	0.210861607371524	1.27723349923899e-05	0.00373722926130773	318	335	186	164	0.394208005836486	0.259341177135429	
ABCG1	0.631158	1.1839	0.907471	1.74793	0.01285	0.53193	-0.917992041382534	2.75142322944506	0.00529896260145604	0.258497219079725	-0.724371017434721	202.293880698548	0.260711602989085	0.00546209406960058	0.370788793820766	195	314	171	126	0.0199320677859688	0.896411745157281	
LOC101748525	5.09653	1.90456	-1.42006	-2.16751	0.0043	0.25897	0.86903217095332	3.65540502791633	0.00670594454896304	0.29731522548355	0.750954092188659	379.878167329119	0.218353946226452	0.000583522895372459	0.0853704056669483	253	259	465	570	0.12985897586858	0.555903875650382	
LOC101751171	7.19672	1.92492	-1.90254	-3.43445	0.00175	0.145259	1.83056384774815	1.34180209773496	9.12868877912969e-07	0.000198576925911721	1.34383208974267	74.4300560089439	0.280787866114165	1.70194301416449e-06	0.000656447156667855	33	29	133	113	0.481006171251951	0.185043322430987	
GGA3	18.0959	11.5785	-0.644214	-1.94836	0.00905	0.428938	0.621732933605668	5.78092058339785	0.0459990742841758	0.913894003345815	0.552986762895035	1665.22708890226	0.199535906168845	0.00558218690564742	0.374447802275661	1212	1289	2466	1814	0.0927650721761022	0.652180151177728	
VPS13C	3.42581	5.657	0.723589	2.07501	0.0036	0.235778	-0.722868532097395	5.62448274871109	0.0205683855365786	0.588559520629239	-0.659366098132813	1494.65756019334	0.18216748931747	0.000295104753669145	0.0505881088335259	1745	1801	1316	1072	0.224493672447632	0.412416079195927	
LOC769841	1.38301	0.3465	-1.99688	-1.83092	0.01685	0.631203	1.46151406880525	-0.331471779713097	0.00209272730792854	0.132776073661966	0.703617184343821	21.8986384455761	0.319639689489177	0.0277160465579592	0.916898686423246	14	8	38	30	0.0851443312813468	0.671905717376701	
KLHDC8B	0.62839	2.5535	2.02274	2.60351	0.00165	0.142113	-1.98705251236773	1.07454290050604	2.40138725939673e-07	5.8842268500942e-05	-1.36517619788077	62.2301375412066	0.294962809880488	3.68680734578538e-06	0.00125137614930647	77	114	30	23	0.442096910827246	0.221555920012072	
MB	0.295121	1.23198	2.0616	2.1876	0.0439	0.999823	-2.08443795871774	-1.20938759843894	0.000360155882155288	0.0350584616245955	-0.697000190502554	11.4311030811419	0.305029218268319	0.0223112079246631	0.80884428664632	22	13	5	4	0.122744567296026	0.571940012396262	
ZFYVE28	0.549454	1.04411	0.926197	1.40906	0.0431	0.999823	-0.815139053840083	1.73476765473628	0.018385821511924	0.559128306692147	-0.646772502932531	99.1217517289701	0.259278365110489	0.0126131133489838	0.618662273542206	106	136	81	71	0.0630252010578699	0.732757339636892	
SYT8	4.44404	9.8759	1.15204	2.29577	0.00225	0.177562	-1.10143575510552	2.90852174570435	0.00078446477843389	0.0648186827389677	-0.846238477486729	226.327037081661	0.270298669090667	0.00174358502880786	0.190905687250956	336	248	186	119	0.0219103382665812	0.888790204491527	
LOC772243	22.7909	12.844	-0.827361	-1.48739	0.03375	0.928557	0.732719153644814	4.38646224532852	0.0202494311320259	0.585722351251735	0.616165845858254	631.977352627376	0.233284884839869	0.00825985025366222	0.486728884218408	419	488	686	975	0.0747702711743662	0.692832702517792	
BAG2	21.4839	44.3242	1.04484	2.70488	0.0002	0.0323636	-1.03541894356064	4.5995126794237	0.00105827445424285	0.081445107637361	-0.864630426077957	733.143342570291	0.237096317058132	0.00026558055899581	0.0471753681478522	747	1147	592	428	0.106150532760587	0.624578885931948	
LOC100858436	5.24402	1.85674	-1.4979	-2.65214	0.0047	0.275802	1.45141321684917	1.39921153695432	6.81325086778246e-05	0.00902142124219792	1.08156031667816	77.6591227047227	0.27763386828153	9.79416416655997e-05	0.0210400962114797	41	38	112	128	0.307023647267927	0.342631119540925	
LOC777348	4.80939	23.2008	2.27025	5.52718	5e-05	0.0105395	-2.23751795166014	3.70654276648383	2.03756582811838e-11	1.17396833307642e-08	-1.98389181838779	394.70384043879	0.202434021527701	1.12374371796384e-22	2.38388182969553e-19	607	634	157	135	0.995422744988129	0.00108751778379444	
MANEAL	2.83171	1.28834	-1.13617	-1.98091	0.01485	0.585953	1.1313744529265	1.78342850328388	0.00120302668634934	0.0884349065503283	0.897052565715412	102.094770355552	0.258665459316717	0.000524341609922069	0.0792976962246272	58	64	140	156	0.193482996177177	0.459192297580956	
CORO6	2.27774	4.66534	1.03438	1.66437	0.019	0.6764	-1.12987007474206	1.91433445481621	0.00100031538723851	0.0778274577560243	-0.895745710306949	112.5905076686	0.259263972738321	0.00055038190905542	0.0812220119876482	128	168	69	80	0.132539153427565	0.551290349728177	
SDR42E2	0.619389	0.18196	-1.76722	-1.80617	0.0381	0.984455	1.63084897190121	-0.272371184512026	0.000561495050526468	0.0501548103472626	0.733172976651156	22.9258530375207	0.31880872387039	0.0214637009702392	0.800319527518161	15	6	34	39	0.103104589672362	0.627648243482136	
NMNAT3	4.28881	7.49493	0.805337	1.52571	0.02905	0.847689	-0.757376975730978	3.07126757909863	0.0194421026853201	0.573350321929261	-0.579504176803991	253.488345666832	0.272164854286242	0.0332344447720595	0.999162683775631	363	238	233	166	0.00852843747002927	0.94860569199836	
LOC101747773	0.458945	0.20967	-1.1302	-1.80072	0.0131	0.538108	1.1096400793716	1.82658406466444	0.00140789701373306	0.0998670297668285	0.83512185119536	105.175466410305	0.2759544837413	0.00247564174317066	0.230846791337083	47	81	148	156	0.0706685110394006	0.703267909007867	
TYRP1	1.03479	2.74034	1.40502	1.99037	0.00585	0.325406	-1.44400781056449	1.33767078976753	6.51572575896045e-05	0.00868139010809494	-1.00330886543884	74.8736864065316	0.293705383585303	0.000635392888636085	0.091383497568161	77	134	40	45	0.0972908027669155	0.641330443937029	
LOC101748985	0.740297	0.0485689	-3.93	-3.98854	0.0007	0.0784196	3.99131130846159	0.904553170489069	2.00545363089693e-17	2.6720162814663e-14	2.32446911032027	54.0919180774049	0.30802954016721	4.47956440177707e-14	5.06817916417058e-11	6	6	123	93	0.986540681077714	0.00375070687789792	
FAM149A	3.95117	1.82609	-1.11352	-2.23202	0.00275	0.201164	1.12499220985642	3.21530185770092	0.000562294759029729	0.0501548103472626	0.786294055700509	279.314320283683	0.292599599150148	0.00720387464440568	0.441360854116277	184	149	562	254	0.0171711720716061	0.911488211719175	
MAP7D3	5.08829	3.33006	-0.611632	-1.50715	0.03195	0.902535	0.69842007438334	4.21961615845803	0.027085266764398	0.69903597685646	0.624680134713049	562.718737242515	0.195844847275754	0.00142436090729195	0.16786686776147	386	433	816	659	0.118835135685729	0.587947341843163	
CLUAP1	16.9991	29.9658	0.817855	1.84502	0.0138	0.561107	-0.717634514344841	4.46781518531529	0.0228127733989685	0.610958169999007	-0.578882665990172	669.609118545132	0.253350546931155	0.0223182287555097	0.80884428664632	817	766	409	655	0.0357305682781586	0.83038100036346	
LOC101747543	14.8392	7.70857	-0.944881	-1.47245	0.0407	0.999823	0.823995833397983	1.50313749759919	0.02081699573869	0.590650536009881	0.612132410355045	83.7353901729402	0.279017347998367	0.0282435656922595	0.925331184099103	59	56	134	93	0.0311154376211992	0.848260660080827	
SPERT	6.41612	3.38852	-0.921046	-1.54482	0.03075	0.881243	0.925279858961445	2.10700857743195	0.00645420196793535	0.290889381717645	0.599214219760333	128.360083073169	0.305567535896102	0.0498804423416169	0.999162683775631	65	105	114	239	0.00639845736900372	0.958892488307448	
PLS1	66.9591	121.951	0.864951	2.3563	0.0014	0.125296	-0.849020498966244	7.60884398048798	0.00631994267446571	0.28726767150162	-0.722966841405953	5923.00330664507	0.228812036465496	0.00157956657553333	0.178712162355841	8410	5980	4565	4367	0.00857082717826065	0.94848721750489	
KIAA0513	9.53367	5.31581	-0.842742	-1.89974	0.00665	0.356298	0.826751192388807	3.60838783771153	0.00984010862004263	0.379333518195423	0.686338233936255	367.550567906349	0.239754418815918	0.00420085338750765	0.319431239170606	224	283	416	574	0.0450062801808923	0.797649839719771	
LOC417973	47.9074	0.326793	-7.19573	-6.16066	0.0002	0.0323636	7.39285126842017	4.73798627672504	3.80460968526506e-60	5.28072813629427e-56	5.12972323463615	806.083807198291	0.273476865635914	1.68343897595091e-78	1.42848214304315e-74	7	11	1346	2026	0.999971271741535	7.92957049605691e-06	
ATP7B	15.6639	8.999	-0.79961	-2.3083	0.0011	0.10811	0.831150664689055	6.14367036475173	0.00772219702278597	0.330565855686247	0.68594088130192	2142.44094653068	0.241644419331919	0.00453066117475125	0.325804452528405	1639	1281	3497	2324	0.0283734623330925	0.858494156773851	
RNF128	49.6389	82.3115	0.729621	2.15508	0.002	0.16264	-0.730503157334023	7.02869076010851	0.0187053405188814	0.564005391697241	-0.651243197027868	3959.52525113306	0.200403021268433	0.00115539988959524	0.144458339585973	4902	4485	2866	3411	0.0530442525187325	0.767885663152207	
RHOV	1.76606	0.851246	-1.05289	-1.75336	0.02515	0.801	1.03361270122731	1.67651809077199	0.00315491364988581	0.180326560929814	0.798301944883237	94.5960750366515	0.268062252887469	0.0029009164923588	0.255283113852613	48	71	137	132	0.10733959717129	0.620411386776957	
TNFRSF6B	1.3558	4.81652	1.82885	2.81477	0.0002	0.0323636	-1.7084467131562	2.0611308431653	9.27871903314811e-07	0.000199801749847123	-1.15872400726875	125.267726079171	0.29799002501173	0.000100879900859908	0.0214004099686686	205	158	42	81	0.107492243893603	0.619352052084149	
LOC771994	4.51213	8.23834	0.868546	1.90024	0.0268	0.82091	-0.875159570291839	2.43475190171936	0.00844702051039737	0.341695603872203	-0.744363180660777	162.23898975581	0.228666620681766	0.00113299283708765	0.143492697300108	187	214	125	117	0.135120048963938	0.538412533906776	
LOC101750939	7.05246	3.85998	-0.869534	-1.40186	0.0458	0.999823	0.838355368583185	1.84655945889196	0.0152544062108507	0.496701479940421	0.580555397421915	106.882326826349	0.294143203232904	0.048413947768373	0.999162683775631	86	59	182	109	0.0067222413066184	0.957716449410732	
LOH11CR2A	0.496221	1.03538	1.06111	1.37361	0.04295	0.999823	-0.961650621312039	1.73522651343393	0.00571894628175711	0.26911794932158	-0.686787230186418	99.167084836995	0.289002329159198	0.0174821558969055	0.72780713811827	110	141	93	50	0.0273407689301928	0.86123468376369	
SERPINB5	0.0361164	0.617104	4.09479	2.75965	0.04895	0.999823	-3.80954108552248	-0.585697930938319	7.05500257309297e-10	2.78515823802214e-07	-1.21826891892128	18.4951214060898	0.310715351427525	8.82364307844712e-05	0.0194475385304319	21	46	1	4	0.413980805843935	0.238924777791186	
LOC768783	3.25067	1.80326	-0.85013	-1.64116	0.0323	0.903047	0.925895516804392	2.36095848687964	0.00584406827932518	0.272612357940163	0.772164149012309	153.483241316208	0.23767291520647	0.00115871708385303	0.144458339585973	95	107	234	192	0.163223414734182	0.502907520754604	
MAP1LC3C	1.52695	0.414142	-1.88246	-1.62101	0.0176	0.6408	1.70910055786944	-0.752279470549013	0.00114757767687269	0.0852406303678469	0.632504831804345	15.8325009265757	0.310489517971588	0.041637881016932	0.999162683775631	6	8	15	36	0.041323553301563	0.808897458274207	
LOC101750489	2.08854	0.243162	-3.1025	-3.50986	0.00015	0.0261196	3.22540723362696	-0.155557541666466	9.39887178223889e-10	3.51517804655734e-07	0.792224615397907	24.9187221592393	0.289114890688981	0.00614069831911778	0.396250156554174	2	7	12	82	0.051873822383868	0.773499938007417	
ZBTB16	2.35291	1.23628	-0.928437	-1.41217	0.04665	0.999823	0.975991390960681	1.84373728916364	0.00460100474946369	0.236918403983253	0.787909022162089	106.566320240089	0.251916083664798	0.00176201114946155	0.191196059420762	65	72	157	142	0.125739152772866	0.56625383658812	
N4BP2L1	21.2509	33.3093	0.648403	1.70676	0.02415	0.784851	-0.617145199821249	5.59531602472961	0.0477944411017484	0.937429700500239	-0.549685402161067	1465.03714100706	0.20143441190963	0.0063554546684591	0.405482786385035	1789	1578	1151	1288	0.0342445259517096	0.837591430190846	
LGMN	149.106	94.3288	-0.66057	-1.9078	0.00745	0.377687	0.639066004782314	7.55449088296262	0.0392692976472785	0.832149987320759	0.551534070922158	5698.01683458847	0.219054884880827	0.0118093903137368	0.602701745281678	3954	4557	6097	8512	0.00964016649837668	0.946135829634873	
LOC101752055	3.20262	1.06073	-1.5942	-2.26582	0.00365	0.235778	1.41481238892311	2.19358865879105	3.54539133299965e-05	0.00517675701622511	1.0893088752311	136.246420695535	0.268549150144375	4.98618104512919e-05	0.0128212846237708	64	78	256	165	0.215697650677327	0.425506881688925	
HSPB7	6.10446	13.3544	1.12938	2.66862	0.0052	0.297514	-1.16168542085633	2.63555610220016	0.000462284564033128	0.0426622611950573	-0.938228722656988	186.628424339338	0.251893516017514	0.00019554472612055	0.0368732171887984	193	303	128	116	0.115072709907593	0.60024583984456	
O3FAR1	5.8354	3.37816	-0.788594	-1.77105	0.02465	0.794553	0.780150041154649	3.02534011036134	0.0167042779642729	0.530703126143622	0.598707647187263	244.735268216086	0.269612945932662	0.0263767735849545	0.890743761616613	170	173	244	406	0.0216090365303226	0.889636135818895	
TXNDC16	4.36324	2.69775	-0.693647	-1.57992	0.02565	0.808838	0.664919369049344	3.60774777114888	0.0377400338861305	0.812691880311889	0.55588692836462	367.369321357411	0.236611508749009	0.0188054341251175	0.74965750071182	225	320	420	530	0.0162267121788207	0.919152136038767	
CUBN	26.6147	16.6789	-0.674196	-1.93757	0.0055	0.312447	0.673674776128299	7.65570340979426	0.0298381595801285	0.729320516552439	0.580064675659958	6114.1977370498	0.219807284186672	0.00831585103501788	0.488333245381621	4739	4209	9425	6520	0.0129924347139726	0.930029887195457	
HSD17B7	16.2632	9.82453	-0.727152	-1.83643	0.01095	0.474105	0.716486420428056	4.2417459945112	0.0235724626681042	0.623471165209237	0.561696579996303	571.601835302557	0.262304098250298	0.0322422299079355	0.999162683775631	440	381	970	541	0.0113600492512684	0.941911401920445	
ESPN	13.7776	7.16442	-0.943403	-1.74127	0.01295	0.533314	0.834978617467264	3.17224772846427	0.00990423193325043	0.381116275005474	0.683017021196376	271.256344475732	0.245694561604451	0.0054368342173346	0.370556279126046	209	160	340	393	0.030621069678386	0.849383470550345	
PIK3CD	1.47892	0.839048	-0.817717	-1.45737	0.0392	0.9968	0.853443000035462	2.55980016723269	0.0100738032199919	0.382123375522755	0.648900705880729	176.421132911548	0.272980070766417	0.0174493950330365	0.72780713811827	100	141	303	180	0.0160975303849406	0.919393617624929	
FAM84B	14.1946	8.50013	-0.739781	-2.1494	0.00195	0.1602	0.817985102283287	5.13098833717772	0.00909973972757733	0.358573477841947	0.738728080485387	1060.12243870128	0.188774415774813	9.10489862329434e-05	0.0198101582738369	631	839	1468	1393	0.697611368155004	0.0849008386758934	
LOC396247	4.51174	2.00834	-1.16768	-2.21554	0.007	0.366471	1.12971138639898	2.12769288483151	0.000915134878647549	0.0744612417672079	0.821127037600518	130.317311463445	0.284157620837453	0.00385623610957855	0.302982328776193	85	70	146	230	0.0354694627991068	0.832341813575364	
TPM1	438.988	733.432	0.740482	1.37357	0.04775	0.999823	-0.711608252666719	9.10426537480549	0.0216539522130823	0.603423468337894	-0.621181861550772	16682.7424531914	0.212694851761206	0.00349435675928398	0.286486611409703	15941	23848	14870	11935	0.042213452718172	0.806755487057632	
CA6	3.10542	11.207	1.85154	3.0163	0.00035	0.0475169	-0.918719921253475	4.60353348821487	0.00360661174362161	0.195900536402286	-0.754483730928446	735.14323387222	0.244822639529766	0.00205783181329513	0.206647714221489	718	1131	462	610	0.0539937343273209	0.760772675469182	
ASCL2	4.68264	9.15754	0.967638	1.44243	0.04655	0.999823	-0.956291542110321	2.06910019472253	0.00494974817237589	0.250230411532372	-0.698761340177968	125.351816808876	0.283241530777541	0.0136244334224557	0.640499334106638	113	206	81	99	0.0192137255368072	0.901366276391798	
TRBV6-5	4.22524	1.65329	-1.3537	-1.52327	0.0333	0.923912	1.34401145879436	0.73331785290875	0.000581422122868471	0.0513323161382929	0.759340752201164	47.9954109313369	0.316694446073664	0.0164980189301854	0.710629135188266	20	32	101	46	0.0199622746100433	0.896289727928578	
LOC416263	26.4187	17.3801	-0.60412	-1.73678	0.0147	0.584352	0.613435269348335	5.76573882735984	0.0489481598582127	0.939555804744988	0.535298823830854	1647.36849562952	0.213014470891633	0.011971975581299	0.603809153286891	1069	1426	2444	1782	0.0220373415136511	0.888074487744661	
PPDPF	195.78	301.695	0.623854	2.57386	0.00975	0.454055	-0.638642358613755	6.73000397437857	0.0397230629957644	0.837602628035317	-0.564646711388062	3217.34177322715	0.205435690389663	0.00598626646545111	0.388589058100786	3436	4050	2315	2987	0.0147575696435594	0.923257061360817	
LOC100858796	42.4417	20.3196	-1.06261	-3.40022	0.00025	0.0370833	1.03781041415367	3.95648515132551	0.00116027626617361	0.0858846161190594	0.87972131295547	468.566759838439	0.228933659286186	0.000121692640983757	0.0245862596444684	320	262	751	584	0.147013210834932	0.526548975433048	
C16ORF45	2.52926	8.8319	1.80401	4.02155	5e-05	0.0105395	-1.84051703600985	1.26637446509953	7.70238192508707e-07	0.000171041018623965	-1.14802450007664	71.1962945309246	0.308762146086446	0.000200685744790836	0.0374267887345635	75	140	43	23	0.0566315426542733	0.75355716420922	
ABHD2	62.7734	98.8881	0.655644	1.51006	0.0287	0.842002	-0.660654818876229	8.80884703670703	0.0329171971481288	0.775871303091691	-0.556997383547487	13608.2393784221	0.234215486351639	0.0174001845585917	0.72780713811827	18133	13387	12802	9539	0.00247113634450971	0.983279226610009	
MAPK11	18.2852	5.93979	-1.62219	-4.08801	5e-05	0.0105395	1.65054770610592	4.68556822317516	2.88623628090298e-07	6.99190739048748e-05	1.48537466533729	777.697391096093	0.191427377047475	8.52861744261971e-15	1.03385119013356e-11	316	403	1218	1274	0.993401555227838	0.00151143524443813	
PCDH8	1.09496	0.374918	-1.54624	-2.07096	0.00645	0.349084	1.61027590455247	0.66168695407553	4.32950445723726e-05	0.00613586928741491	0.994606912043902	45.6365610216117	0.309969898003125	0.00133326813706478	0.160474422369691	17	26	59	86	0.134166929251098	0.541718796737568	
CYP3A4	190.852	294.598	0.626297	1.69808	0.0257	0.808838	-0.639894848146999	9.03311394217468	0.0387474685358601	0.826018534247466	-0.544806199172988	15897.2004358483	0.229286904207937	0.017497219512831	0.72780713811827	21123	15488	14616	11692	0.0157777376371073	0.920042354164658	
LOC100859025	0.39495	2.84814	2.85028	4.33857	5e-05	0.0105395	-2.86852753645743	2.16829141886809	6.38296324109128e-15	5.09278420817661e-12	-1.83714030883001	134.896362670916	0.304326525761021	1.57258161705184e-09	9.53152950820959e-07	195	260	51	18	0.638228133998788	0.112229881423646	
C3ORF24	1.30023	0.247278	-2.39455	-2.55571	0.00375	0.239343	2.35854890403268	0.256468725898958	1.02698029173248e-07	2.91908878122042e-05	1.01075486292756	33.8806367000738	0.317960216369674	0.00147849310526402	0.171859633489286	7	14	32	87	0.108772758519034	0.613944377990511	
SLC27A4	29.5378	47.3826	0.681794	2.01376	0.00425	0.256925	-0.702701541771224	6.78525530198059	0.0237332635247216	0.625396429938214	-0.619804388606158	3343.67958689649	0.207325613647502	0.00279414742344378	0.250896698006689	3849	4045	2320	3040	0.0209784849691214	0.893658267745782	
NPNT	8.50618	4.47854	-0.925485	-2.03534	0.0042	0.256925	0.857575904559456	3.37152955823684	0.00787643130526742	0.332497529915454	0.676344481335862	311.346461925897	0.261442733972772	0.00968240520151548	0.534050719925982	148	279	455	395	0.0470310849275691	0.787824079546113	
HAND1	2.50765	6.36351	1.34349	2.4717	0.0217	0.742808	-1.34103811979592	0.838620830792288	0.000411597556439571	0.0389974964807946	-0.671700746282481	52.2510936494458	0.319657129301392	0.0356132070700351	0.999162683775631	36	110	41	22	0.00592507509781577	0.96312656542848	
LOC771551	9.77126	0.9984	-3.29086	-5.42783	5e-05	0.0105395	3.25121775039729	1.90735217162894	9.20961634638672e-17	1.09072556262373e-13	2.44718818373744	111.063784572323	0.27006084460084	1.28529741758085e-19	2.18127824737646e-16	21	19	214	211	0.991721794905466	0.00199477594801638	
UBA7	10.9762	6.64423	-0.724212	-1.8048	0.01065	0.471307	0.675288222677508	4.76880596405396	0.031519906359915	0.758472051112456	0.561287251627317	824.477179162626	0.238854271979564	0.0187776954085462	0.74965750071182	570	642	854	1279	0.051434927304116	0.774519059871195	
SI	53.6202	125.457	1.22635	3.17898	0.00015	0.0261196	-1.24419316814544	8.23089709603904	7.09324649911321e-05	0.00927692201644757	-1.06811993643868	9115.16988781877	0.223640093861368	1.78757395075106e-06	0.000674153722626584	13263	11036	4975	6418	0.98280970314488	0.00559272695360388	
P2RX7	9.85066	6.17707	-0.673297	-1.66661	0.0171	0.631203	0.667678925093408	4.20266739769532	0.0350510074046537	0.793224390501494	0.532592658250846	556.31215796788	0.255940462552038	0.0374408604440889	0.999162683775631	424	393	553	882	0.0147830663104274	0.923194803626941	
LOC771537	1.25951	0.298653	-2.07631	-1.8865	0.009	0.428938	1.60220607675348	0.868163581974721	3.81180325971257e-05	0.00552789264561582	0.864684390693278	52.8858396739837	0.318277905222556	0.00659245749744545	0.417464911153533	23	27	124	46	0.0525211443392053	0.77108184830945	
LOC769325	8.44019	1.93435	-2.12543	-2.9482	0.00045	0.0572143	1.67164336244193	1.49341969190238	4.64151343053938e-06	0.000875644100108305	0.973288341446924	83.1179913360765	0.314487695220185	0.00196920691764261	0.20011623113361	45	30	83	182	0.0411551678643176	0.809132485505965	
PRR5L	12.5349	6.11181	-1.03628	-2.75076	0.00015	0.0261196	1.11269124239203	4.92945922261598	0.000428010146407223	0.0401952436172211	0.889193456894997	922.008550078855	0.255227200311184	0.000494110458042689	0.076232259849477	625	479	1073	1579	0.130421557260613	0.554378452599503	
POGLUT1	5.76591	9.0406	0.64887	1.75657	0.0214	0.735682	-0.634545339499364	4.29693899883466	0.0443940153549347	0.894317085618137	-0.54953287623822	594.328905625935	0.2186948852529	0.0119782854869139	0.603809153286891	637	744	425	556	0.0448441477157234	0.798180051445578	
LOC101749901	1.40677	4.15141	1.56122	1.7378	0.026	0.81035	-1.01129532116041	2.21626478768796	0.00277530234376912	0.162516959176719	-0.778987019995565	139.240754325281	0.269266045576376	0.00381579717333056	0.301199506179502	172	183	123	73	0.0534960784777183	0.766063923657869	
PIK3C2G	2.91087	1.34658	-1.11215	-1.78052	0.01275	0.531914	1.01975122609283	4.01622022615707	0.00141007486442515	0.0998670297668285	0.913319427233461	488.32181059451	0.194878273514991	2.77760860437123e-06	0.00100295309839966	286	330	663	718	0.526592170012215	0.150409189915887	
TST	182.192	286.364	0.652389	2.28376	0.00805	0.396803	-0.669785186635305	7.48964411703387	0.030820517436535	0.744934003074891	-0.550396998642141	5450.54788695449	0.245751705783532	0.025113867906818	0.869811127033895	6636	6081	3427	5414	0.00366659570136364	0.971418101281715	
HNMT	56.4784	28.2729	-0.998281	-2.1899	0.0029	0.205566	0.780442716869857	6.44147169041175	0.0121952446727011	0.431141336538377	0.688138210862941	2632.96607756556	0.205912037079594	0.000832059048623727	0.111187985151128	1672	2033	3083	3931	0.130848551789786	0.552840891671991	
LOC101750288	2.37978	5.02582	1.07853	1.72727	0.0183	0.6606	-0.979889653478766	1.95743857376085	0.00405931329690559	0.213670224354157	-0.788545317032501	116.000515337219	0.253740359509186	0.00188558405567645	0.193940890962939	126	169	84	81	0.110624212440942	0.610605485037251	
SLC39A8	2.11987	0.815399	-1.37839	-2.10368	0.00535	0.305007	1.4367764026583	1.44146114598933	7.42525437630941e-05	0.00965192517037585	1.0891800844673	80.0240997928419	0.272860485844231	6.55984055624796e-05	0.0156798667718428	43	39	124	123	0.373626387897742	0.278450119220495	
CDH19	0.605884	1.33608	1.14089	1.69751	0.02765	0.837272	-1.17195279831689	1.22220608631494	0.0013005314954587	0.0936646297979344	-0.7623240456997	68.892256248654	0.304560566159251	0.0123135321130747	0.61072804232583	67	117	57	33	0.0129295432464702	0.93028394125404	
LOC777580	8.78773	5.51606	-0.671852	-1.79891	0.0103	0.4635	0.650634773842094	4.7717489347975	0.0382082376389666	0.817794387537641	0.590864572104664	826.048666211875	0.18402508213739	0.00132373937304992	0.160465577857359	545	685	1114	1021	0.163115301478016	0.504794397465154	
PPEF2	0.490982	0.2434	-1.01234	-1.54911	0.03225	0.903047	0.695764973395198	2.02662131830001	0.0412235288902653	0.854866915255522	0.560097386527737	121.313253120363	0.253246850598253	0.0269897684894376	0.899888725018165	80	97	179	139	0.0200911442721021	0.89598339334311	
ARSD	1.95973	7.29267	1.8958	3.34525	0.0001	0.0188471	-1.79533958184243	2.75639836974591	1.07220504549313e-07	2.96847625452241e-05	-1.26869305717466	203.729625585893	0.29043040722524	1.25205749899605e-05	0.00372783645885298	333	266	65	126	0.120146803349649	0.584078172016839	
LOC101749576	6.65763	2.98253	-1.15847	-1.9426	0.0091	0.430035	1.07853770536611	1.91647164893759	0.00178223592771337	0.117627571229082	0.737000760143966	112.141237689099	0.296790079171956	0.0130193628491638	0.625925232048609	72	65	217	107	0.0333153091103893	0.840011288993809	
SYNPO2	9.226	17.1325	0.892962	2.52993	0.0006	0.0717313	-1.01865464217263	6.51554339871446	0.00111698084033342	0.0838443575853093	-0.807494677712684	2770.96945310823	0.258732002649657	0.001802567291693	0.191196059420762	2580	4573	2357	1534	0.0109323031402539	0.943226878138641	
SLC23A1	3.26768	8.10762	1.31101	2.79597	0.00025	0.0370833	-1.35051743715329	3.42851027093328	3.31133288968885e-05	0.00490215239877687	-1.14938882402153	325.191770343118	0.228161180585541	4.71361472308184e-07	0.000195109159671761	469	418	176	210	0.489586597288585	0.180272600912171	
MMP1	1.39966	10.2353	2.87041	5.40822	5e-05	0.0105395	-2.72457946388537	3.04708814891042	6.45019108831825e-15	5.09278420817661e-12	-1.83188441842716	248.849733356892	0.29794704386444	7.82902852633343e-10	4.9209793748298e-07	267	570	90	49	0.369548254936259	0.28582306660874	
LOC422075	9.25914	5.07649	-0.867046	-1.92013	0.0066	0.354805	0.87246679693361	3.50872086037262	0.00670835085174911	0.29731522548355	0.713172129174103	343.063870158241	0.245982406885182	0.00374019475977868	0.299344032157979	259	200	418	517	0.0421196557338786	0.806995749151763	
GFRAL	0.660802	0.186648	-1.8239	-1.90181	0.03095	0.885391	1.40483560614307	-0.3739482836199	0.00250447648451703	0.151246432919958	0.701668963995212	21.2204457653813	0.319653158221725	0.0281568029629675	0.924272926662516	12	10	29	36	0.0869607259873578	0.667999613519498	
SCNN1A	1.49047	0.699454	-1.09146	-1.83478	0.01055	0.469475	1.03315652981108	2.01639336999159	0.00258491604982605	0.154790000983684	0.824090654640959	120.451617905937	0.256265148647598	0.00130093499410292	0.15883573945986	82	68	175	167	0.13605292044292	0.536738342024061	
LOC415859	25.9617	10.3125	-1.33199	-2.32545	0.0016	0.138551	1.28561372872284	2.57333091996681	0.000123468616052699	0.0151744410337461	0.960171105449793	178.255120931875	0.277014880408086	0.000527997152400146	0.0792976962246272	116	80	224	308	0.0417255943591473	0.807713388386814	
AMY2A	1.43692	4.1818	1.54115	2.42098	0.00315	0.214736	-1.5758726331848	1.63855669731186	9.53790031691527e-06	0.00166663081111475	-1.09857931978219	92.8847631318839	0.293394197577808	0.000180839893857202	0.0352762510189721	133	132	66	33	0.21201607157465	0.428059536947632	
PHGDH	0.759915	2.96173	1.96253	3.00073	0.00135	0.1215	-1.987656211806	1.293486418374	1.05263425444901e-07	2.95263908372946e-05	-1.43951867833593	72.8353128628895	0.284391705169988	4.15433471987045e-07	0.000176258036327303	107	115	37	25	0.624251635651059	0.121087428464733	
KCNMB4	3.53966	0.910827	-1.95836	-2.93543	0.0041	0.253598	2.18483871499607	1.4338988472157	7.39168015148301e-09	2.58321045031663e-06	1.26078854336158	79.3947974735133	0.314413042406907	6.07250922171022e-05	0.0150926361677182	35	19	187	90	0.0979409063784591	0.637533398300199	
GUCY1A3	3.87589	6.01235	0.633399	1.44664	0.04275	0.999823	-0.632156332484964	3.70571561830373	0.0474805256233394	0.933754469777074	-0.52833037595808	393.647350505708	0.2368887024614	0.0257282325474555	0.876694810145191	358	562	309	343	0.0237909796288995	0.879515432967186	
APRT	57.4938	32.5272	-0.821758	-2.20489	0.00145	0.128337	0.79765360947452	4.90817029839992	0.0111189066058609	0.401750594955497	0.710964056897163	908.329810046693	0.19821944686701	0.000334822098558066	0.0546371714868168	622	642	1383	1061	0.224536735436002	0.409726521800695	
ARL13A	0.129672	0.585656	2.17518	2.17265	0.00315	0.214736	-2.13111745851523	0.262589863651441	1.10316961438875e-06	0.000228323979024655	-0.931055988005847	34.8564181167489	0.318312252306137	0.00344481782990138	0.286486611409703	54	54	5	22	0.257498799242229	0.384620747460087	
ASPA	5.03702	2.63924	-0.932446	-1.58136	0.02725	0.829933	0.968683315770837	2.6050357864332	0.00343042823975425	0.192447024250213	0.763389081702502	182.096752926612	0.26126407640327	0.00347896480757226	0.286486611409703	99	137	309	203	0.0334568457546343	0.839533429114652	
NEXN	3.45485	5.76442	0.738554	1.54318	0.0299	0.859961	-0.730434064391072	3.55454935964469	0.0225276096908986	0.607685746593022	-0.56090059398872	354.209743899628	0.269571984195528	0.037460638021345	0.999162683775631	308	544	343	223	0.00646965698193179	0.958703887062567	
AQP1	7.7565	13.6183	0.812066	1.99679	0.00515	0.296773	-0.927355888363177	2.68018790363582	0.00497302254115487	0.250230411532372	-0.676281202785499	192.409938210919	0.283850876544431	0.0171944642817478	0.72780713811827	178	308	178	104	0.00965633553928507	0.946092773261494	
LOC768772	19.0184	62.3942	1.71402	5.55585	5e-05	0.0105395	-1.7282579139694	4.17865240425235	9.97734931962221e-08	2.87428557832036e-05	-1.38433654431983	548.485436751482	0.255388614355149	5.94292396152512e-08	2.88163893002979e-05	949	641	303	235	0.798560695363884	0.0426960333616164	
LOC101749845	3.07725	1.60413	-0.939853	-1.61943	0.04555	0.999823	0.925169214270327	1.4669625691022	0.00903547729732179	0.358026589264509	0.710195350531086	81.6209356075546	0.269582014045295	0.00842783065401829	0.491507608348262	56	51	115	111	0.123108588112359	0.57053302889254	
LOC768349	2.73026	1.27103	-1.10304	-2.13656	0.0056	0.317004	0.871621337520276	2.85210556380481	0.00793145277337319	0.332497529915454	0.653729028421627	216.817539070159	0.276209705569221	0.0179433460249537	0.737328148642832	154	137	220	369	0.0181420702347255	0.90630707068497	
CHAC1	19.4826	9.28621	-1.06902	-2.96422	0.0004	0.0525246	1.03762190772254	4.34892614510717	0.00109602315171364	0.0836603367978771	0.747504143747987	615.953223419953	0.286001162074742	0.00895833122645731	0.508467689779957	479	281	1117	643	0.0194680703654089	0.899416515605812	
PLCB1	11.7391	4.43008	-1.40592	-3.86688	5e-05	0.0105395	1.39759087152945	5.66004175030828	1.00150020530143e-05	0.0017357708436273	1.1090509680494	1531.47702974139	0.257736843502033	1.68473309488949e-05	0.00484603480565584	989	599	2514	2183	0.673596087825381	0.0941451906964312	
EXOC3L1	1.49843	3.64622	1.28295	2.53392	0.00095	0.0975577	-1.29897318690324	3.02612906481611	7.68562910490348e-05	0.00981091265019954	-1.10726971480572	245.501687859494	0.227190771190223	1.09502732699177e-06	0.000442469256342317	317	349	134	165	0.417378484899072	0.234691919055029	
APOLD1	1.93382	0.908235	-1.09032	-1.7971	0.02115	0.730222	1.06885535270012	1.60209620259071	0.00223095648142504	0.139062954008828	0.748881660148737	89.7720838363463	0.292785519609219	0.010534197483708	0.559550677016862	45	66	100	156	0.0339763800954902	0.837918442071797	
PPY	4.56977	16.6178	1.86253	6.58929	0.0323	0.903047	-1.92598626143912	-0.602381144291244	0.000137235120621701	0.016435833154008	-0.745805322274947	18.3537680130265	0.313003424499269	0.0171843946516597	0.72780713811827	34	21	12	4	0.0554101370314001	0.756824661142825	
GSN	147.12	235.45	0.678429	1.90951	0.01215	0.514929	-0.714690987501938	8.61810583263683	0.0211341925422354	0.594964900652974	-0.575803968010066	11906.7127021415	0.252435468116245	0.0225487597656273	0.81237541927307	10291	18233	11344	7800	0.000989721456821488	0.988357748247794	
FAM19A5	3.31913	10.828	1.70589	4.07712	5e-05	0.0105395	-1.53016755474458	4.39994870767144	1.92519108310603e-06	0.000387181353864665	-1.35443834975656	639.058560361304	0.204415756695217	3.45138915748898e-11	2.78921549484502e-08	926	879	322	371	0.945376390500075	0.0169117055492873	
RHD	3.32592	1.60379	-1.05227	-1.45482	0.0405	0.999823	1.1550756083107	1.52936998960847	0.00109883170576065	0.0836603367978771	0.81378531077513	85.3407666731658	0.290807286545333	0.00513618282225233	0.360190738332415	59	41	108	140	0.0398018713408102	0.812366330389492	
TSKU	38.4351	22.906	-0.746701	-2.18996	0.0017	0.144095	0.794094470434807	5.96331375508459	0.0109333047272024	0.400474553564434	0.665969281043976	1890.22829624386	0.234183566263624	0.00445801823610843	0.325804452528405	1401	1224	3088	2002	0.0389573683932384	0.814385287301235	
CPAMD8	2.19252	1.26324	-0.795468	-1.70453	0.01595	0.614228	0.79547134624854	3.22564245517407	0.0138786165409256	0.47187296239147	0.663632919142579	281.267448845876	0.237859180775938	0.00527040687726367	0.365906911164646	155	240	408	348	0.0349168321359594	0.83593795383683	
BCMO1	136.048	271.779	0.998318	2.50971	0.00075	0.0806376	-0.984995221347967	8.81203265721242	0.00155643010845353	0.107972792179938	-0.819568674672759	13639.8656786675	0.240102055022694	0.000641534630214706	0.0914914639443175	19961	14280	8598	10684	0.247732363152234	0.390312464398778	
LOC101749510	3.57762	0	-inf	-nan	5e-05	0.0105395	5.02851939742524	-1.20770820142805	3.995942952321e-09	1.4687157216824e-06	0.510968576036937	10.7000121015493	0.23634175733656	0.0306189274002401	0.978594758774904	1	0	43	2	0.128750116626298	0.558917852502667	
GRAP2	0.975775	0.316776	-1.62308	-1.75371	0.01725	0.635276	1.497164440787	0.414330966636333	0.000257925512703259	0.0273555028846172	0.741701921458494	37.9979094365121	0.319681017529476	0.0203337778428088	0.786069575786579	16	22	88	32	0.0410400257915412	0.809366957319271	
DPYS	3.43274	1.23954	-1.46955	-2.16983	0.00435	0.261	1.34329178695305	1.70413313979654	0.000150258727050157	0.0176528240852935	0.872751242287517	96.483299346939	0.303978076736265	0.00409047012397094	0.316269250092829	64	39	188	106	0.0244451670929436	0.876545971631977	
LOC423490	2.34763	5.40211	1.20232	2.59915	0.0005	0.0625781	-1.18551677378143	3.5546350859143	0.000237684788011479	0.0258518587287179	-1.02370339829202	354.641352003153	0.219665782078034	3.15784076839132e-06	0.00109370848327284	415	528	260	199	0.354941363147411	0.306729118927947	
LOC421099	15.2916	8.09217	-0.918141	-1.66869	0.02225	0.756783	0.958442135324075	2.5482228071407	0.00397972442312414	0.211044192169553	0.80632574368549	175.095638776421	0.233204217876512	0.000545019992846857	0.0811362657772281	107	120	229	259	0.150179119651097	0.519519522369894	
SST	34.9265	57.4209	0.717252	2.5805	0.0117	0.502504	-0.693907120831099	4.23892921184151	0.0281019912905027	0.714488005637617	-0.603756112939921	571.013834511532	0.216172763944514	0.00522324594318249	0.364788917291152	666	678	403	516	0.0580408878570369	0.748043531925861	
SLC16A5	54.5156	34.6361	-0.654392	-1.88716	0.00775	0.387984	0.64511508158046	5.7699049987156	0.0385211564535931	0.822839692663023	0.516928803933267	1653.45864815429	0.253342335215338	0.0413069261055564	0.999162683775631	1500	931	2209	2054	0.0364230829043063	0.827808921409775	
SLC22A16	2.26619	0.615924	-1.87944	-3.25221	5e-05	0.0105395	1.91087014830279	2.89841078135124	1.68250859625604e-08	5.51811050076711e-06	1.4128099538262	223.670329082265	0.27910933164918	4.15204657761416e-07	0.000176258036327303	114	63	391	356	0.49032221363241	0.175487951610733	
LOC100858376	0	5.39893	inf	-nan	5e-05	0.0105395	-7.48057881691214	-1.25858452764499	1.71668628929597e-10	7.78645070536416e-08	-1.21272658341411	11.0849026061542	0.297804356439712	4.65660037260452e-05	0.012543994432297	23	19	0	0	0.953059031222125	0.0145267407494974	
SFRP1	34.1273	20.2234	-0.754901	-2.04027	0.0037	0.237096	0.738163479384727	6.03858408076867	0.0178428009341003	0.550467192927857	0.618383309836234	1990.37577353792	0.236050430578438	0.00880049672363321	0.502872827935284	1097	1773	3036	2243	0.0239460180609297	0.878572255431358	
LOC422046	72.1844	114.806	0.66944	2.18992	0.0057	0.31928	-0.644063378903229	7.1476207689459	0.0378965595138495	0.814383083073601	-0.584567867375179	4299.7803475033	0.187073914485539	0.00177928253084436	0.191196059420762	5186	4778	3380	3700	0.0316031104414339	0.846397261835404	
MERTK	8.85617	3.54694	-1.32011	-3.01965	0.00015	0.0261196	1.41236061474549	4.01255968654087	1.22622353488855e-05	0.00202640568346931	1.03099260990828	487.219039516926	0.282811272132213	0.000266857306121844	0.0471753681478522	320	181	910	593	0.167239302283299	0.497132873782601	
EMILIN2	1.30131	2.28602	0.812876	1.8596	0.01095	0.474105	-0.796641065782306	3.45552058633988	0.0131098269768426	0.45222539076429	-0.68687853029834	330.875225755647	0.220988687525523	0.00188226340350821	0.193940890962939	351	453	234	276	0.0534250793175894	0.766430815928244	
FN3KRP	11.7325	19.5821	0.739023	2.00855	0.004	0.249339	-0.718780474975229	4.87969140293471	0.0219999779105367	0.604418947190014	-0.649631152635329	891.06059815257	0.1895913837985	0.000611457983511813	0.0886927644288802	983	1134	664	757	0.254486373775062	0.387462423670834	
MARCH3	5.40365	1.54705	-1.80441	-3.28398	0.0004	0.0525246	1.81754490963433	2.30954372019123	1.66572438110634e-07	4.3839397970895e-05	1.2771834849866	147.786250378797	0.290934390811828	1.13383794927898e-05	0.0034986116067661	67	57	323	167	0.222950833244159	0.415077634579576	
TAS1R1	1.96086	1.03397	-0.92329	-1.58513	0.0226	0.765956	0.909825163394018	2.32678918502077	0.00662660890533106	0.294918681928701	0.677299823143052	149.947276447754	0.277959200777965	0.0148224660689973	0.670985230668584	116	81	247	168	0.0139115986243224	0.927737703830723	
PPP1R14C	2.34119	4.87895	1.05933	2.00772	0.0171	0.631203	-1.04900050672367	2.07273832617793	0.00205575728516585	0.13121147845858	-0.735046070180739	125.647689735504	0.292465557532274	0.0119616404589886	0.603809153286891	114	213	107	67	0.00999575808148519	0.945394891051075	
LOC101751675	0.457709	1.31375	1.52118	2.74364	0.0003	0.042531	-1.38248730232798	3.15275277591553	2.52187651438291e-05	0.00388678633609816	-1.18215094440816	268.20760784553	0.225262787701649	1.53863661222054e-07	7.25338942944302e-05	360	379	181	134	0.56411572941731	0.13526628646944	
ABCD4	25.7077	46.1534	0.844236	2.39356	0.00075	0.0806376	-0.769508015635031	6.00063113266641	0.0135934558984478	0.465144932332439	-0.673302774836757	1940.65273459998	0.212673254444148	0.00154602637669517	0.176091366703985	2378	2274	1315	1707	0.117292978311036	0.594207620791745	
FREM2	1.4474	0.890742	-0.700382	-1.6019	0.0232	0.769491	1.04249017326666	2.12653130918649	0.00219759494403215	0.137385129081752	0.797771873668321	130.195813330783	0.270128393825694	0.00314389894608992	0.269470247545919	94	67	205	166	0.051435440845763	0.774180448951303	
LOC100857538	3.5491	0.944229	-1.91025	-2.84835	0.0072	0.372077	1.81329924976512	0.414587032779716	1.46760652146122e-05	0.00240664890957772	1.02340617246278	38.0118944986165	0.31611223733271	0.00120591559983246	0.148301403222875	16	16	82	44	0.168522531446509	0.495181549224844	
LOC419830	2.54292	0.818132	-1.63608	-1.67805	0.0258	0.808838	1.67313178910413	0.643702728347581	2.64224700701215e-05	0.00402338726396321	1.09991674324061	45.0063345714474	0.302306916844373	0.000274325636033146	0.0479956739084384	17	24	71	74	0.445168268911342	0.217243776817704	
MUC13	149.784	289.979	0.953061	2.40724	0.0009	0.0936234	-0.948196397736694	8.78502267232219	0.00230530972754258	0.142862188289979	-0.77504768518039	13389.3905255509	0.248198706255757	0.0017920622894375	0.191196059420762	20337	12900	9505	9783	0.393650553892344	0.263240146449724	
ANGPTL6	13.6941	21.1817	0.629262	1.65649	0.0187	0.670188	-0.691421135418331	4.71153217679196	0.0277433380246337	0.709418642641128	-0.551511407088368	792.493747942071	0.256790330350125	0.0317367241016226	0.995949423040317	776	1102	819	470	0.012783237873633	0.930686551272761	
MMP13	2.08284	1.02272	-1.02615	-1.7194	0.0283	0.842002	0.987160247569638	1.61175805667342	0.00495748264261571	0.250230411532372	0.764458166850921	90.380128299522	0.267151220512439	0.00421616861553331	0.319431239170606	49	67	124	130	0.108218503778898	0.617210760689731	
LOC101750678	16.4437	8.54366	-0.944613	-2.17422	0.0023	0.180618	0.92196207113692	3.78067809210905	0.00397227074645477	0.211044192169553	0.745209243648797	414.371443155034	0.251584952738185	0.00305590127570281	0.263257363197727	227	322	467	675	0.0475417904412974	0.786631530602364	
TMEM139	50.3804	83.4987	0.728891	2.12054	0.00235	0.18187	-0.740022149438506	6.83305241997111	0.0172828039171914	0.538814685499409	-0.623465551953458	3458.03076144787	0.234332389276611	0.00780007730499424	0.464474076993183	4583	3608	2356	3096	0.012096652288336	0.933597172878738	
DBC1	1.07559	0.492506	-1.12692	-1.56904	0.0459	0.999823	1.07553219472879	0.756876353282652	0.00548821880964358	0.264109337279067	0.714985403625728	48.9769011852922	0.301327731130236	0.017654619093652	0.732244774897385	30	30	84	57	0.0319048646764349	0.845077184127113	
CALD1	60.0039	95.9153	0.676704	1.86347	0.00795	0.3943	-0.713340741630817	7.87012034245626	0.021463713008118	0.600704909900107	-0.613453774947484	7091.18968965167	0.221733204082267	0.00566389658335974	0.378433027229127	6942	9963	6660	4740	0.0196627088891396	0.897792794404636	
FAM198B	3.74071	6.20067	0.72911	1.86226	0.00905	0.428938	-0.766083926337847	4.33726222029002	0.0153072426965023	0.496701479940421	-0.654101525660185	610.91586547189	0.22583222458149	0.0037746522233108	0.299344032157979	579	900	469	487	0.076155006283603	0.690791033711582	
PDE4B	6.96007	2.86361	-1.28127	-2.95135	0.0002	0.0323636	1.27748447849752	3.46369785915556	8.61839363881166e-05	0.0109361259281064	0.965221147623543	332.033635626371	0.274422465126724	0.000435990612499466	0.0678825383920039	164	207	661	340	0.116228993980754	0.597853649422184	
GEM	9.60901	15.592	0.698346	1.72238	0.0156	0.603652	-0.676830075439287	3.68268487198209	0.0336373648676517	0.775871303091691	-0.563248929570541	387.35557146484	0.238789693078797	0.0183358300941891	0.747641666809926	349	568	331	300	0.0383478101366697	0.817220347562964	
RWDD4	25.4974	41.3843	0.698734	1.97914	0.0039	0.244055	-0.66760067483185	5.30207973997245	0.0327019984603409	0.772883817270009	-0.603096904333381	1194.73116833168	0.189992833466392	0.00150191135038125	0.173394132838913	1303	1497	899	1048	0.346290070063741	0.313414738442008	
RIMBP2	2.09002	1.23507	-0.758929	-1.53706	0.0294	0.851605	1.16525287439653	2.20956982597405	0.000614794035937345	0.053494609216785	0.826982136152321	137.868968272031	0.289660193410866	0.00430357604594558	0.323168093255497	80	82	270	136	0.0490086684879688	0.780755364929834	
SLC22A3	11.5043	5.12376	-1.16689	-2.84519	5e-05	0.0105395	1.10514224868542	5.13866104376868	0.000454495339157068	0.0423097451534951	0.971655807688415	1065.6031825355	0.208297681041635	3.08998237031394e-06	0.00109250189180412	528	770	1644	1436	0.750914444392387	0.0677352982379077	
C9ORF4	3.79005	6.29378	0.73171	2.03094	0.00475	0.276709	-0.728115498642797	5.40136198311902	0.0198307296258958	0.580366524183935	-0.641495701798952	1280.58553696005	0.208347810781183	0.0020772080058973	0.207102277744747	1607	1425	1152	890	0.104674729164015	0.626628367850146	
LYPLAL1	16.5383	28.7697	0.798741	1.75359	0.01425	0.57358	-0.65796816507479	3.64208580232849	0.0388433619961967	0.826545246929878	-0.592521355464402	376.882031439448	0.192600016882092	0.00209492255401443	0.207102277744747	421	459	316	302	0.203902151352005	0.43802737691396	
LOC772393	130.968	238.894	0.867151	2.36955	0.0011	0.10811	-0.843020544589108	6.98025114922711	0.00675264674159815	0.29865751709002	-0.713130406914162	3830.50670626215	0.232238270030481	0.00213568843244554	0.207112962211618	5436	3856	3120	2679	0.0287416398783024	0.857019351107202	
FAM101A	7.18177	12.9926	0.855276	1.66791	0.01825	0.6606	-0.881473137128389	6.32676442288751	0.00472004164458637	0.241299395154178	-0.80583514419474	2433.33585637748	0.180401602480969	7.93627940105067e-06	0.00254125656066473	3040	2961	1729	1884	0.292150041369391	0.35501001841933	
PDLIM3	23.2882	40.2593	0.789723	2.27057	0.00175	0.145259	-0.711820586724953	4.80284236498433	0.0233544504591963	0.620012671094828	-0.573585930391528	844.934568743331	0.253498484487705	0.0236554275664969	0.836367210897957	993	1005	877	485	0.0511108555165526	0.776194604369199	
CHRDL1	5.02045	7.71833	0.620473	1.68772	0.0236	0.77321	-0.661731481519721	4.49302861449817	0.0355337257860806	0.798127796939342	-0.527198880902413	680.990316354053	0.257480021482025	0.0406057649001397	0.999162683775631	705	892	724	398	0.0239557796262035	0.87848568196199	
PRODH	1.17345	2.67858	1.19071	2.01543	0.0136	0.555796	-1.0116505819696	1.75716309586133	0.00367938155624987	0.198073373778118	-0.804943602702194	100.846753170483	0.258264775214397	0.00182864095764842	0.192277522601309	125	132	66	75	0.172246061731828	0.480953557016821	
VSIG4	1.38033	0.657778	-1.06934	-1.53922	0.02805	0.839927	1.04752751811941	1.59794120885021	0.00279018702780181	0.162516959176719	0.778968624709802	89.4477674883014	0.279271300801354	0.0052823754189699	0.365906911164646	42	70	124	131	0.0679961135659596	0.716359398044905	
CD109	1.00749	1.75151	0.797842	1.8258	0.01275	0.531914	-0.849177437904328	3.63158630357251	0.00811600060233273	0.332497529915454	-0.718194698109367	373.919745426127	0.231009133777069	0.00187756647748123	0.193940890962939	366	558	275	289	0.0704062453767498	0.705754262111724	
ABHD14A	12.1187	5.76797	-1.0711	-1.94792	0.0074	0.377687	0.929700623574576	2.59356049996829	0.00507169033654166	0.250854511819942	0.729785008245914	180.823913590738	0.262174251359211	0.00537613343303339	0.367896614887136	118	119	202	297	0.0504017451385119	0.777187844062747	
LOC101749199	0	0.984233	inf	-nan	0.00105	0.104478	-4.28087351261307	-1.96533012413708	2.41055737456064e-05	0.00375096803729078	-0.642542819555373	5.91306700607654	0.25963816185974	0.0133324755924629	0.63557708786429	7	15	1	0	0.616544009908146	0.125534353238074	
C8ORF22	23.6253	53.1039	1.16849	3.24665	5e-05	0.0105395	-1.16935258910968	3.44628913570293	0.000302593613263978	0.0308645485529257	-0.880771355242115	329.062562327328	0.275667753116117	0.00139808197817602	0.165922022738637	424	444	148	277	0.210788582070088	0.430585074576879	
LOC429143	2.06094	4.55424	1.14391	2.83693	0.00015	0.0261196	-0.847613683721465	4.82305298513656	0.00703698229987329	0.308037759073303	-0.709975552604279	856.281802214577	0.235627929495905	0.00258575470995042	0.234667610601971	841	1274	758	540	0.041944200661039	0.807235527009203	
DIS3L	13.7962	8.58418	-0.68452	-1.61544	0.0284	0.842002	0.687908796295881	5.15309105159684	0.0280183365984275	0.7144675832599	0.598951374334712	1077.07812266256	0.21321683857869	0.00496773513852612	0.352750765840698	839	727	1591	1225	0.109233391283534	0.611726129531968	
DOK6	1.97093	0.822621	-1.26058	-1.54832	0.02745	0.834438	0.751719391483513	3.02673336531019	0.0211829608591616	0.594964900652974	0.627495324929872	245.01870918382	0.236559569826705	0.00798770545112036	0.472332227215901	193	153	340	310	0.0434351121281545	0.802570801380517	
HOMER1	0.488404	0.961344	0.976977	1.43456	0.04395	0.999823	-0.961043044715715	1.56905647311611	0.00628257566595952	0.286179376168643	-0.677610829002755	88.1040553501209	0.291451293480218	0.0200744239870402	0.779595078910892	86	138	78	49	0.0170780982094393	0.91157365573876	
RCBTB1	29.1375	15.3651	-0.923221	-2.62287	0.0002	0.0323636	0.977215785568707	5.75590039922455	0.00181232861854368	0.118877604584967	0.873404609069274	1636.36815820864	0.196364725826342	8.67263253567431e-06	0.00272561568079498	1016	1086	2631	1970	0.637550873118604	0.116619692747466	
LOC101748694	1.21977	2.87821	1.23857	1.60193	0.02645	0.82091	-1.44394719821144	3.24841910039491	1.08353460141577e-05	0.00181880241204578	-1.23468089055886	286.856297778661	0.225510897419774	4.37416006981739e-08	2.18334913367267e-05	416	381	151	174	0.509582478028426	0.165512337496558	
SAG	0.374903	0.931092	1.31241	1.48636	0.02935	0.851605	-1.19794720657242	0.888726603667081	0.00150747356827587	0.105020658589886	-0.815642900527215	54.4128179461443	0.297961736614794	0.00619254009317191	0.398081810307653	66	79	43	27	0.0639832673340357	0.728225528012979	
LOC417058	0.311918	4.10163	3.71696	1.2255	0.03955	0.999823	-3.44410905377131	0.937917791995701	1.95647107870288e-15	1.98609764075181e-12	-2.17382522720018	56.8088166215917	0.302733403002663	6.93763739916461e-13	7.35866526882641e-10	102	96	12	8	0.980402382766599	0.00625962649073705	
GCK	0.390071	1.0157	1.38067	1.42732	0.0443	0.999823	-1.2554372989619	-0.23064182084007	0.00483934158181942	0.24680642067279	-0.669863095260033	24.0328376055741	0.318858545817142	0.0356571322587363	0.999162683775631	28	37	18	12	0.064668183373125	0.726672854622655	
ORMDL1	24.1198	8.38776	-1.52386	-2.58039	0.0003	0.042531	1.53584802721692	3.12422756484088	3.37513102413609e-06	0.000654100392477574	1.09354531295694	261.719536233297	0.28925467848123	0.000156474599587847	0.0308782608093645	85	174	518	310	0.0544308489802194	0.759993226416131	
ADAMTS12	2.73786	4.40855	0.687256	1.7718	0.01375	0.560496	-0.719161276119351	4.48586029454089	0.0224739732414877	0.607685746593022	-0.557862300802801	677.08894518668	0.266126401564969	0.0360617415775659	0.999162683775631	553	1074	627	459	0.0111108212896185	0.942682459213007	
ADAMTS18	2.92368	1.03157	-1.50294	-2.42304	0.00205	0.165864	1.50927074091188	3.12467611394501	5.00751932948426e-06	0.000936406114613557	1.13546857239732	262.215374355735	0.274815936009342	3.60024230838664e-05	0.0101832853692716	161	96	375	443	0.186342527051416	0.470176606131357	
LOC770082	8.57848	0.0925386	-6.53452	-5.96401	0.00025	0.0370833	6.63878207644024	3.16782980852679	1.01275541319429e-44	5.39747997461899e-41	4.44837910017987	269.570793564687	0.276536787346693	3.19690077259808e-58	1.35636507529405e-54	4	6	509	617	0.999206104773932	0.000256817949942256	
RBP1	9.54384	22.0978	1.21126	2.15734	0.0039	0.244055	-0.759220784368901	3.776486846893	0.0173915275472945	0.539740831440081	-0.647449927137825	414.13639698926	0.227751721796429	0.00447207660647376	0.325804452528405	541	446	361	290	0.043229228861047	0.804316010740897	
LOC422757	27.3526	44.7189	0.709204	1.79888	0.0119	0.509727	-0.664838514948599	4.44020861267766	0.0348680676201515	0.789922917668852	-0.571765788362701	656.868021598494	0.223228601629818	0.010426731837134	0.558208410119875	794	737	465	605	0.0452536471186268	0.796848905255924	
SMPX	1.41632	4.75605	1.74762	2.89215	0.0003	0.042531	-1.72432733771081	2.2917907301963	5.13943039289025e-07	0.000120398216610587	-1.27236207659166	146.903884372441	0.280554636557465	5.75579757887798e-06	0.00191532628845369	189	243	95	50	0.268438674304704	0.37305744386046	
TRIM39	0.676341	0.232667	-1.53948	-1.69625	0.043	0.999823	1.45026079236008	-0.232641302789625	0.00123485441068729	0.0901528298870944	0.772881958254616	23.5784542077056	0.318702959029523	0.0153047773691788	0.686479296764501	11	13	34	39	0.169321940402743	0.48512468909551	
LOC101752002	0.601552	23.4324	5.28367	8.05607	5e-05	0.0105395	-5.4414199462968	3.13362996427376	6.62829755811585e-38	2.82604094687827e-34	-4.15475736439831	265.214898021148	0.256826061823473	7.28992911091638e-59	4.1239128980454e-55	483	505	15	10	0.999285600780485	0.000189683290426498	
TFF2	34.3892	60.7176	0.820159	1.88946	0.0089	0.425606	-0.956737777326575	3.92206473846393	0.00272911874560383	0.160716445908239	-0.760470454823009	458.492843047928	0.258992344617747	0.00332189175919652	0.279088242798634	663	481	397	264	0.0317474880173442	0.845520088996994	
LOC101750535	11.0104	16.6995	0.600932	1.76607	0.023	0.766029	-0.632114985997523	4.72914764931885	0.0440931521037663	0.890130508094783	-0.545914908153805	802.129962975847	0.219320359327834	0.0128059380301379	0.624281162354898	738	1136	688	643	0.0432933425837589	0.80406892036748	
TMPRSS7	2.59341	14.0983	2.4426	4.54567	5e-05	0.0105395	-2.5432579007715	3.76649632929853	5.52961198230925e-14	3.80258929802802e-11	-1.91650122819663	412.257846024352	0.274394964718935	2.85949446263373e-12	2.85461650149159e-09	832	492	141	114	0.941548284415557	0.0182098308628859	
SLC2A2	57.635	117.621	1.02913	2.873	0.0001	0.0188471	-1.03175844923561	6.92700570781157	0.000954551817441618	0.0760380621775789	-0.883898492182679	3690.42920084248	0.224905928769727	8.49172898852211e-05	0.0189622542979222	4990	4419	2167	2935	0.0819144277441753	0.678696661508537	
JAK3	1.20449	0.585713	-1.04015	-1.50772	0.03465	0.939244	1.05589743370722	1.37602042961176	0.00349026726244905	0.194778841625363	0.636077817431304	76.3027241655595	0.312727478235991	0.0419547787578492	0.999162683775631	39	56	156	64	0.0161979149187033	0.919255783183118	
LOC101749936	0.141896	0.46296	1.70605	1.86981	0.02505	0.801	-1.76206940549599	-0.179967076671512	0.000125480166151859	0.0152856353258591	-0.96325228657778	25.0968136210788	0.317757601303522	0.00243417731230576	0.230096226852527	36	38	12	12	0.381693577656318	0.274668342123954	
RIMS1	8.60762	15.2673	0.82676	2.20634	0.0013	0.11969	-0.875747182095725	4.5945204876768	0.00548834020145543	0.264109337279067	-0.721794520273122	730.464954724592	0.243074994615587	0.00298351424449342	0.259323855557297	688	1132	625	468	0.0426144453669916	0.805054155725341	
LOC101750307	8.17497	1.43377	-2.5114	-3.138	0.00055	0.0677769	1.15701120439522	3.41813027601495	0.000357888220198018	0.0350405709245759	0.995783662767608	321.811591806609	0.220871946731151	6.53119630391501e-06	0.0021315563937258	182	198	423	514	0.368623714207502	0.289422579308571	
SLC2A5	12.4328	26.26	1.07871	2.20699	0.00175	0.145259	-1.15374663502701	4.84504452518804	0.0002642331823107	0.0276167255206462	-0.963067807479138	869.639636244342	0.237420999647422	4.98409350339676e-05	0.0128212846237708	942	1361	481	655	0.315118616993244	0.339474856178842	
MYO5C	1.77744	3.1991	0.847864	1.41687	0.04595	0.999823	-0.727284482909238	2.87945237060312	0.0254674089365344	0.662898930047667	-0.622980836987614	221.340650926583	0.224677814950395	0.00555806809482038	0.374447802275661	235	293	194	159	0.0384603464846633	0.816358358196929	
PODN	4.70347	7.59422	0.691177	1.67821	0.01685	0.631203	-0.650523021463862	4.02798986353201	0.0405030372086102	0.848033984295621	-0.558340654589954	492.69682908578	0.223142392221159	0.0123433927592811	0.61072804232583	464	692	392	418	0.0333750582309943	0.839852351224805	
B-G	11.0584	2.1507	-2.36227	-4.29421	5e-05	0.0105395	0.678481973582853	6.62191008535226	0.0290302855974173	0.717799798874257	0.570657672835436	2984.9304838499	0.232521242719709	0.0141191604934086	0.652905375296013	2273	2090	3165	4565	0.016363297378361	0.917991769311149	
FMO4	34.0816	20.5312	-0.731177	-2.05008	0.00445	0.266004	0.785439096236067	5.60208269056106	0.0119630722498148	0.42646952210962	0.690808554453187	1470.69080700345	0.20727887633429	0.000859923541177008	0.112142639316918	986	1074	1715	2207	0.305211111076399	0.345747559977939	
IDH2	226.284	127.02	-0.833082	-2.30512	0.00095	0.0975577	0.820805232588905	7.67991483156199	0.00826175701115683	0.335736948388222	0.72618214213865	6217.12627653662	0.202788706014093	0.000342308882259065	0.0553268956268437	4499	4039	7626	9113	0.0858428945682788	0.670354621568488	
LOC769339	84.4506	132.833	0.653438	1.88157	0.00845	0.413972	-0.611998849695628	7.79279826430065	0.0482333640818989	0.939453030921123	-0.537999276504002	6721.88244796372	0.208870956469063	0.010002306063285	0.540602344586021	6788	8771	4922	6283	0.00656023435092089	0.958388414009248	
CYP1A4	4.08909	18.1538	2.15042	5.32964	5e-05	0.0105395	-2.16591594703288	4.12346813444689	5.39264221864353e-11	2.61273515493279e-08	-1.72834065419092	526.957159173683	0.255922187706558	1.4443658979516e-11	1.22561668270683e-08	678	976	159	245	0.987388904801495	0.00314391862512364	
CDKN2B	351.211	197.59	-0.829825	-2.18707	0.0016	0.138551	0.808288911293195	8.60736377922115	0.00921933811520506	0.362615959298785	0.690203400127078	11827.3296236982	0.224416875472881	0.00210120727929274	0.207102277744747	8953	7348	13897	17819	0.0219949460028426	0.888290283736145	
PCP4	78.0544	141.084	0.854005	3.96034	0.0018	0.148639	-0.874217791072741	4.62566851696545	0.00556022432562524	0.265768749268338	-0.709403477593379	746.298466179137	0.249630500770074	0.00448576394953967	0.325804452528405	657	1206	578	537	0.102442472047047	0.630668379499396	
FGF1	4.62742	8.6173	0.897028	1.70738	0.01875	0.67048	-0.846885460380285	3.00298517276177	0.00942765911139812	0.366162664898214	-0.628458595898361	241.273280919489	0.279804288715572	0.0246998502412489	0.862512671695956	258	336	245	122	0.0145820666651974	0.923628651119436	
GLOD5	8.28863	13.9806	0.754224	1.9851	0.00455	0.269967	-0.748023456083785	4.68497363738842	0.0173938432873316	0.539740831440081	-0.591713567287615	779.11368955808	0.261153781730345	0.0234656653695093	0.83312930331787	1092	752	512	711	0.0122048656395273	0.933207163739656	
SGCG	1.75519	3.33858	0.927607	1.97821	0.0069	0.363612	-0.944797549928042	3.19782350172447	0.00357029184431411	0.195900536402286	-0.761991131255462	276.359915753789	0.252479955182283	0.0025442686861631	0.233398831745264	277	422	236	165	0.0270789730887376	0.862047229501061	
CFL2	26.6195	40.9039	0.619757	1.47413	0.0362	0.960139	-0.664174853504056	5.0423457399597	0.0339269064033418	0.77613005677863	-0.558478204622618	997.098422012712	0.233686825282891	0.016854912517026	0.723680032389241	934	1415	953	684	0.0246147111201709	0.876005291691095	
ACER1	14.4793	4.60939	-1.65134	-3.64579	5e-05	0.0105395	1.65925818946931	4.0531244571298	3.22541140125079e-07	7.63992447242937e-05	1.38670517210394	500.878913383195	0.236208012641997	4.33972301309978e-09	2.37578836307472e-06	237	221	968	647	0.853587090462328	0.0345060303544719	
LOC101751174	21.24	4.75981	-2.15781	-9.89698	0.03265	0.91105	2.11252550834527	-1.01451868956903	0.00035509626537346	0.0350405709245759	0.781358066710411	12.8080503889929	0.312076958940067	0.0122889970694254	0.61072804232583	5	4	20	24	0.286101398329356	0.358077442207802	
LOC101751659	4.33249	7.91676	0.869712	2.02367	0.0129	0.532624	-0.82049871372801	3.29379964815021	0.0111817620655353	0.403338077348701	-0.703249901076831	295.52496073511	0.224068157214624	0.00169783933042312	0.187900074764609	299	425	234	218	0.0594782650385976	0.7440643795638	
VGLL3	0.277888	0.559621	1.00995	1.43108	0.04565	0.999823	-1.03827093796066	1.26677786150083	0.0039451604467257	0.210257326008246	-0.68937747251215	71.1178154341666	0.301893858295166	0.0224003779814843	0.80884428664632	72	112	64	35	0.0127166268452821	0.930935716332279	
GK5	32.0412	19.401	-0.723799	-2.03599	0.00365	0.235778	0.745349281206793	5.84634013863489	0.0168908167297402	0.534240995615137	0.642479263965055	1742.85052529046	0.219146452161929	0.00337074533064769	0.281797630573507	1325	1147	2033	2567	0.059301118173269	0.744959891964104	
LOC101747968	0.259793	0.79522	1.61399	1.65664	0.0299	0.85996	-1.70724628559037	-0.273597600710347	0.000249429563721017	0.0267202986904756	-0.821186278457749	23.5079968279648	0.319608212489677	0.0101888647348774	0.547200074100012	41	27	9	14	0.0996632417981661	0.634621193160696	
LOC101750594	362.531	199.475	-0.8619	-2.46994	0.0002	0.0323636	0.853654466745888	7.10127997099212	0.00609409082372034	0.279626456284146	0.692794031393854	4163.21058678045	0.248669637811879	0.00533625933709653	0.367835503532928	3327	2275	4986	6305	0.0059421111215295	0.963075329501539	
GPA33	163.964	251.631	0.617931	1.63082	0.0389	0.993904	-0.633018079920288	7.8370228616079	0.041073236694778	0.853410584658165	-0.582772024927938	6933.66550587333	0.174497964817334	0.000838669084314863	0.111195726796153	7897	8164	5423	6047	0.0197174516595313	0.897197398403622	
CPS1	1.72557	0.156061	-3.46689	-4.83917	5e-05	0.0105395	3.37358970645048	1.78873198282244	3.36237285473065e-17	4.21641555983224e-14	2.3747187295202	102.034149024669	0.285842296416277	9.74981270732248e-17	1.37886726213308e-13	18	16	232	163	0.968342340642115	0.00981095271533067	
LOC101747479	0.0730416	0.454612	2.63785	2.17211	0.03225	0.903047	-2.34182355481092	0.558197883680726	2.35814430231653e-08	7.28564061402663e-06	-1.28959193839718	43.0595971211692	0.316995253557439	4.73829365089783e-05	0.0125646221170917	60	78	22	8	0.454346581624826	0.20379825224975	
GCLC	25.9479	16.7981	-0.627321	-1.82606	0.0099	0.458376	0.648142120467228	5.83158174744016	0.0375257682279844	0.810510969690142	0.571618730875358	1724.90655707211	0.205252638828227	0.00535356604635161	0.367835503532928	1274	1285	2594	1872	0.071767705755506	0.700089189474398	
ULK2	31.3991	16.4373	-0.933751	-2.74978	0.00025	0.0370833	1.03487798746732	6.62472308966183	0.000930828486188636	0.0754501964584385	0.964366197790939	2990.18529918205	0.160148294100843	1.72586486301452e-09	1.00998802035239e-06	1819	1920	4404	4095	0.675895929754864	0.0895910981184276	
TNC	5.47286	10.1498	0.891088	1.90389	0.0086	0.420037	-0.728964102755918	4.63460686056714	0.020474790849753	0.587458400181743	-0.564629075894457	751.177183441415	0.266993550577494	0.034449834417146	0.999162683775631	719	1081	779	424	0.0108986311345088	0.943290243494523	
TNN	0.901784	2.51597	1.48026	2.85145	0.00025	0.0370833	-1.47324983332589	2.74449693993911	1.02498482838401e-05	0.00176214730415245	-1.22181687904861	201.779249477441	0.24070269944878	3.85379261760375e-07	0.000172112406614087	280	285	98	127	0.373121504739488	0.282156804071984	
FKBP6	0.088764	0.537355	2.59783	2.1612	0.0147	0.584352	-2.80715330550163	-0.19833469452199	1.63995414945526e-08	5.46258477470113e-06	-0.935842271362611	25.1614702214651	0.307511237236342	0.00234015812754115	0.224377534364412	64	18	9	4	0.0613785209067877	0.739012647756375	
LOC101752140	7.56401	4.24588	-0.83309	-1.74898	0.0452	0.999823	0.804433250003693	2.08839360270124	0.018273401430563	0.558097953720262	0.623985911864875	126.838446457158	0.265927097154725	0.0189529651992603	0.751520496253846	98	77	155	185	0.0195393490199627	0.899245331863107	
EFCAB5	1.06676	0.505883	-1.07636	-1.60029	0.01605	0.615122	0.688884573562425	1.83273856359646	0.0468707853770911	0.926034664197246	0.549739442989259	105.795144203241	0.256668792600451	0.0322076276437776	0.999162683775631	67	88	135	141	0.0267522924375191	0.865734469334251	
SLC37A2	11.6204	4.4391	-1.38832	-3.04791	5e-05	0.0105395	1.29512392319505	3.64840506273165	6.18984190200624e-05	0.0084047802335649	1.11674264939443	377.873142755137	0.219754254278332	3.73915447958116e-07	0.000171505920737762	203	214	507	625	0.665119183409395	0.098687372317076	
RBM11	8.45172	4.87837	-0.792845	-1.60184	0.0227	0.765956	0.891192367832878	3.4203722786173	0.00578322135578934	0.270365598383152	0.680165250445556	322.414925171264	0.271150238859858	0.0121264110933826	0.607071748276684	228	201	578	313	0.0215188700017881	0.890054105408641	
LOC101749206	2.06058	0.705245	-1.54685	-1.89196	0.0101	0.462549	1.45670986150785	0.664675117733452	0.000211793023411331	0.0236240554126285	0.81880530015275	45.6596256571291	0.317074184354355	0.00981221353958093	0.534050719925982	12	35	71	71	0.0672622439884734	0.718044045609807	
GAL10	9.29307	20.0373	1.10846	1.9696	0.00625	0.342894	-1.13827210941177	2.4167664512628	0.000657828670212501	0.055429215777036	-0.793506967297263	160.458073614442	0.294062084214047	0.00696666636545761	0.436042045323268	235	183	144	69	0.0183863336865862	0.903596308160815	
ACOT9	27.1101	49.4443	0.866976	2.53842	0.0003	0.042531	-0.797054878491768	6.74657908954214	0.0104191508863112	0.388888807170788	-0.663451002479919	3257.64417317189	0.240266044220059	0.00575685561511408	0.38015407254514	4644	3161	2735	2299	0.0240959949117546	0.877963367253481	
TMEM55A	14.6421	8.83629	-0.72861	-1.83607	0.0102	0.462549	0.746583371374803	4.29139705888003	0.0182710050022316	0.558097953720262	0.673685866131024	591.453691800192	0.189213565777405	0.000370216629665835	0.0587191254398027	376	469	819	749	0.23401072710273	0.401519192440867	
LOC100859660	0.233065	2.45429	3.3965	4.53883	5e-05	0.0105395	-3.48968564788784	1.98196821597414	4.93999583292995e-19	7.02072207776005e-16	-2.04154495947438	118.369991481255	0.311801368790768	5.84762032650896e-11	4.5109074800538e-08	167	251	32	9	0.731341781057939	0.0720102539975705	
CD69	1.5009	4.08904	1.44594	2.4767	0.00425	0.256925	-1.33880679226124	1.7930231390087	0.000126347007093873	0.0153037812342454	-0.878897797084056	103.610218188136	0.303238512369821	0.0037510624012334	0.299344032157979	148	134	39	84	0.0688143614449622	0.714078428588775	
GLRX	594.31	1120.4	0.914719	2.46513	0.0006	0.0717313	-0.903804190108172	7.86601468772429	0.00367081712368655	0.198073373778118	-0.740341266437838	7080.28159468212	0.24734538216046	0.00276116069677193	0.249253500983598	10583	6813	5030	5373	0.123970723043745	0.569114703045341	
BG2	83.2292	14.6277	-2.50839	-4.71983	5e-05	0.0105395	1.9803161296312	7.08766047676389	6.35413200302181e-10	2.55579973661168e-07	1.80941673992224	4122.00675643824	0.178822386849559	4.57307913447028e-24	1.29349543318492e-20	1644	1525	6888	7007	0.907062361422408	0.0204743098845437	
SYNM	12.0342	18.809	0.644276	1.89876	0.00745	0.377687	-0.67986917709211	6.78723548737312	0.0286205524239098	0.717799798874257	-0.604840413567282	3346.73111354114	0.200331158886216	0.00253440743809413	0.233398831745264	3281	4624	2968	2480	0.0247148619473935	0.875642082812714	
IKBKE	4.25244	2.59844	-0.710645	-1.45979	0.0394	0.999823	0.721836109535744	3.2065719399099	0.025715877161209	0.667735772621989	0.588737501774949	277.563359604054	0.248198858735824	0.0176901984389799	0.732244774897385	152	251	347	383	0.0240678131563129	0.878137982027073	
CD9	5.49571	10.7833	0.972416	2.16639	0.02085	0.722981	-0.975729209759109	2.33377432931751	0.00356944196546791	0.195900536402286	-0.679820947955072	150.866523677467	0.293455950803173	0.0205253655835851	0.789278769004236	124	263	127	89	0.0092723572651405	0.946969685827699	
HBEGF	5.22601	1.78849	-1.54697	-2.57733	0.006	0.331448	1.31383256093249	1.23062310611482	0.000397733136144916	0.037852120519363	0.95336732036281	68.8466706568584	0.284415150027863	0.000802221352454218	0.108915988580004	40	35	116	92	0.160338554871051	0.506675673013827	
CDD	59.4501	111.96	0.913235	3.41703	0.00055	0.0677769	-0.952826743941864	5.53599304186967	0.00236459629018351	0.145689201485931	-0.840832460787836	1405.07927903843	0.206025923763445	4.4804285180259e-05	0.0122640890934545	1521	2029	1148	881	0.34087204942676	0.31673890394327	
NLRC5	4.05374	1.9232	-1.07574	-2.26134	0.0015	0.131311	1.14869364116583	3.7081674480878	0.000363973746332334	0.0352690560196032	0.930960606312825	394.082872114457	0.249766706848187	0.000193526175972446	0.0368732171887984	262	202	679	473	0.147996257101797	0.524812604083409	
TALDO1	122.565	188.093	0.617902	1.77713	0.01095	0.474105	-0.620605687580784	7.04628583208337	0.0454520066399426	0.910663418750279	-0.515761450335291	4008.1156835597	0.240852010065549	0.032241475139444	0.999162683775631	4870	4353	2646	3995	0.00806041341735631	0.949712583592637	
RPL22L1	369.575	613.725	0.731723	3.56718	0.0027	0.198413	-0.735097721730194	7.04354509095631	0.0179809313153944	0.553927014135229	-0.655368658252627	3998.04364420374	0.199085926629517	0.000995170837185304	0.126985295322344	4092	5479	2926	3405	0.0496697749641785	0.779149051966263	
SLCO3A1	3.77129	6.92399	0.876547	2.14021	0.00485	0.281511	-0.786377384476704	3.74197589954036	0.0138491586314557	0.471623584193887	-0.63378351113146	404.227690454761	0.253603889047633	0.0124506355872459	0.612463004496089	512	460	394	236	0.0304528066226669	0.849938732751161	
GYS2	1.16089	0.336235	-1.78769	-2.20905	0.001	0.101392	1.84167479563569	1.25905394457048	1.01432306430561e-06	0.000211993520439873	0.99131719717469	70.0580224179856	0.318173854760015	0.00183542270116151	0.192277522601309	32	26	174	60	0.0589031607478013	0.745405657753395	
LOC101751893	0.405385	0.133295	-1.60467	-1.135	0.0108	0.474016	2.025773579554	-0.433069948649245	4.91719218292588e-05	0.00680679889322168	0.800770998157193	20.1102959999374	0.314919650705241	0.0109974839204668	0.577827552985267	8	7	50	19	0.0605996918673383	0.740412626958426	
LOC100857916	17.1394	45.1832	1.39847	4.63749	0.00065	0.0760073	-1.42963113769116	2.88002085356024	1.55936669654924e-05	0.00253760146847609	-1.23191667346198	221.721370867371	0.220902863046075	2.4507511606253e-08	1.26035448324158e-05	294	323	139	115	0.543475168925043	0.145282227375063	
NFIC	20.4519	10.2321	-0.999132	-1.87046	0.01025	0.462549	0.754192561122726	3.63524364752836	0.0185459219116001	0.563193679930899	0.614428752357651	374.338871963891	0.24873453167305	0.0135030379159873	0.64011188958721	203	333	569	428	0.0226648624795955	0.882339705155275	
PLA2G2E	1609.17	4303.87	1.41932	2.43609	0.0006	0.0717313	-1.44280453034716	9.54780607932224	4.47134626842567e-06	0.000851072854913379	-1.29804744605452	22691.3825497579	0.192108498108162	1.41028407410474e-11	1.22561668270683e-08	26894	36704	12305	13461	0.999997027558171	9.96674506481554e-07	
GSTK1	151.091	259.865	0.782346	1.79565	0.0099	0.458376	-0.823073251410085	7.05203537803275	0.00814899127438387	0.332797310320527	-0.712532512205984	4025.08407545546	0.219441186830003	0.0011661535868999	0.144458339585973	5395	4348	2793	3333	0.031045145841073	0.848542925765505	
